901,'617',544,,1623,30,,,0,65,,1646,30,,,0,35,,1624,30,,,0,70,,1647,30,,,0,35,,1625,30,,,0,71,,1648,30,,,0,31,,1632,30,,,0,70,,1639,30,,,0,30,,1626,30,,,0,70,,1649,30,,,0,30,,1633,30,,,0,70,,1640,30,,,0,30,,1627,30,,,0,70,,1650,30,,,0,30,,1634,30,,,0,70,,1641,30,,,0,30,,1628,30,,,0,70,,1651,30,,,0,30,,1635,30,,,0,65,,1642,30,,,0,25,,1629,30,,,0,65,,1655,30,,,0,20,,1652,30,,,0,23,,1636,30,,,0,70,,1643,30,,,0,30,,1630,30,,,0,70,,1653,30,,,0,30,,1637,30,,,0,70,,1644,30,,,0,25,,1631,30,,,0,70,,1654,30,,,0,30,,1638,30,,,0,70,,1645,30,,,0
901,'618',854,,1656,30,,,0,100,,1661,30,,,0,100,,1657,30,,,0,100,,1662,30,,,0,100,,1658,30,,,0,100,,1663,30,,,0,100,,1659,30,,,0,100,,1664,30,,,0,100,,1660,30,,,0,100,,1665,30,,,0,100,,1666,30,,,0,100,,1667,30,,,0
901,'619',614,,1668,30,,,0,100,,1669,30,,,0,35,,1683,30,,,0,71,,1670,30,,,0,31,,1691,30,,,0,70,,1677,30,,,0,30,,1684,30,,,0,70,,1671,30,,,0,30,,1692,30,,,0,70,,1678,30,,,0,30,,1685,30,,,0,70,,1672,30,,,0,30,,1693,30,,,0,70,,1679,30,,,0,30,,1686,30,,,0,70,,1673,30,,,0,30,,1694,30,,,0,70,,1680,30,,,0,30,,1687,30,,,0,70,,1674,30,,,0,28,,1695,30,,,0,70,,1681,30,,,0,30,,1688,30,,,0,70,,1675,30,,,0,30,,1696,30,,,0,70,,1682,30,,,0,30,,1689,30,,,0,65,,1676,30,,,0,30,,1690,30,,,0
1400,'617',2141,,1697,28,,,0,100,,1698,28,,,0,100,,1699,28,,,0,100,,1700,28,,,0
1400,'619',2126,,1701,28,,,0,100,,1702,28,,,0,100,,1703,28,,,0,100,,1704,28,,,0
2400,'617',527,,1899,1,,,0,81,,1892,4,,,0,30,,1906,4,,,0,70,,1900,4,,,0,30,,1913,4,,,0,70,,1917,4,,,0,30,,1893,4,,,0,70,,1907,4,,,0,30,,1901,4,,,0,70,,1914,4,,,0,30,,1918,4,,,0,70,,1894,4,,,0,30,,1908,4,,,0,70,,1902,4,,,0,30,,1915,4,,,0,70,,1919,4,,,0,30,,1895,4,,,0,70,,1909,4,,,0,30,,1903,4,,,0,70,,1916,4,,,0,30,,1920,4,,,0,70,,1896,4,,,0,30,,1921,4,,,0,70,,1904,4,,,0,30,,1925,4,,,0,70,,1910,4,,,0,30,,1897,4,,,0,70,,1922,4,,,0,30,,1905,4,,,0,70,,1926,4,,,0,30,,1911,4,,,0,70,,1898,4,,,0,30,,1923,4,,,0,112,,1912,1,,,0,99,,1924,1,,,0
2400,'618',835,,1927,1,,,0,85,,1933,1,,,0,85,,1938,1,,,0,45,,1928,1,,,0,85,,1934,1,,,0,85,,1939,1,,,0,85,,1929,1,,,0,45,,1935,1,,,0,85,,1940,1,,,0,85,,1930,1,,,0,85,,1936,1,,,0,45,,1941,1,,,0,85,,1931,1,,,0,85,,1937,1,,,0,85,,1942,1,,,0,45,,1932,1,,,0
2400,'619',608,,1964,1,,,0,30,,1943,4,,,0,70,,1971,4,,,0,30,,1951,4,,,0,70,,1957,4,,,0,30,,1965,4,,,0,70,,1944,4,,,0,30,,1972,4,,,0,70,,1952,4,,,0,30,,1958,4,,,0,70,,1966,4,,,0,30,,1945,4,,,0,70,,1973,4,,,0,30,,1953,4,,,0,70,,1959,4,,,0,30,,1967,4,,,0,70,,1946,4,,,0,30,,1974,4,,,0,70,,1954,4,,,0,30,,1960,4,,,0,70,,1968,4,,,0,30,,1947,4,,,0,70,,1975,4,,,0,30,,1955,4,,,0,70,,1961,4,,,0,30,,1969,4,,,0,70,,1948,4,,,0,30,,1976,4,,,0,70,,1956,4,,,0,30,,1962,4,,,0,70,,1970,4,,,0,30,,1949,4,,,0,112,,1963,1,,,0,99,,1950,1,,,0
2401,'617',547,,1977,27,,,0,70,,1991,27,,,0,30,,1984,27,,,0,72,,1999,27,,,0,30,,2003,27,,,0,70,,1978,27,,,0,30,,1992,27,,,0,70,,1985,27,,,0,30,,2000,27,,,0,70,,2004,27,,,0,30,,1979,27,,,0,70,,1993,27,,,0,30,,1986,27,,,0,70,,2001,27,,,0,30,,2005,27,,,0,70,,1980,27,,,0,30,,1994,27,,,0,70,,1987,27,,,0,30,,2002,27,,,0,70,,2006,27,,,0,30,,1981,27,,,0,70,,2007,27,,,0,30,,1988,27,,,0,70,,2011,27,,,0,30,,1995,27,,,0,70,,1982,27,,,0,30,,2008,27,,,0,70,,1989,27,,,0,30,,2012,27,,,0,70,,1996,27,,,0,30,,1983,27,,,0,70,,2009,27,,,0,30,,1990,27,4,,0,100,,1997,27,4,,0,97,,2010,27,4,,0,100,,1998,27,4,,0
2401,'618',832,,2013,27,4,,0,87,,2019,27,4,,0,85,,2024,27,4,,0,45,,2014,27,4,,0,85,,2020,27,4,,0,85,,2025,27,4,,0,85,,2015,27,4,,0,45,,2021,27,4,,0,85,,2026,27,4,,0,85,,2016,27,4,,0,85,,2022,27,4,,0,45,,2027,27,4,,0,85,,2017,27,4,,0,85,,2023,27,4,,0,85,,2028,27,4,,0,45,,2018,27,4,,0
2401,'619',617,,2029,27,,,0,30,,2057,27,,,0,72,,2037,27,,,0,30,,2043,27,,,0,70,,2051,27,,,0,30,,2030,27,,,0,70,,2058,27,,,0,30,,2038,27,,,0,70,,2044,27,,,0,30,,2052,27,,,0,70,,2031,27,,,0,30,,2059,27,,,0,70,,2039,27,,,0,30,,2045,27,,,0,70,,2053,27,,,0,30,,2032,27,,,0,70,,2060,27,,,0,30,,2040,27,,,0,70,,2046,27,,,0,30,,2054,27,,,0,70,,2033,27,,,0,30,,2061,27,,,0,70,,2041,27,,,0,30,,2047,27,,,0,70,,2055,27,,,0,30,,2034,27,,,0,70,,2062,27,,,0,30,,2042,27,,,0,70,,2048,27,,,0,30,,2056,27,,,0,70,,2035,27,,,0,30,,2063,27,4,,0,100,,2049,27,4,,0,97,,2036,27,4,,0,100,,2050,27,4,,0
