100,84855,1,0,0
100,84808,2,0,0
100,84809,3,0,0
100,84810,4,0,0
100,84811,5,0,0
100,84812,6,0,0
100,84813,7,0,0
100,84814,8,0,0
100,84815,9,0,0
100,84816,10,0,0
100,84817,11,0,0
100,84818,12,0,0
100,84819,13,0,0
100,84820,14,0,0
100,84822,15,0,0
100,84823,16,0,0
100,84824,17,0,0
100,84825,18,0,0
100,84826,19,0,0
100,84827,20,0,0
100,84828,21,0,0
100,84829,22,0,0
100,84830,23,0,0
100,84831,24,0,0
100,84832,25,0,0
100,84614,26,0,0
100,84713,27,1,1
500,86551,1,0,0
500,84808,2,0,0
500,84809,3,0,0
500,84810,4,0,0
500,84848,5,0,0
500,84842,6,0,0
500,84843,7,0,0
500,84844,8,0,0
500,84845,9,0,0
500,84846,10,0,0
500,84847,11,0,0
500,84849,12,0,0
500,84850,13,0,0
500,84851,14,0,0
500,84852,15,0,0
500,84537,16,0,0
500,84853,17,0,0
500,84854,18,0,0
500,84833,19,1,1
501,84833,1,0,0
501,84834,2,0,0
501,84835,3,0,0
501,84502,4,0,0
501,84836,5,0,0
501,84837,6,0,0
501,84838,7,0,0
501,84839,8,0,0
501,84840,9,0,0
501,84841,10,0,0
501,84842,11,0,0
501,84843,12,0,0
501,84844,13,0,0
501,84845,14,0,0
501,84846,15,0,0
501,84847,16,0,0
501,84832,17,0,0
501,84614,18,0,0
501,84807,19,1,1
501,84713,20,1,1
501,86551,21,1,1
700,84713,1,0,0
700,84856,2,0,0
700,84857,3,0,0
700,84858,4,0,0
700,84859,5,0,0
700,84860,6,0,0
700,84861,7,0,0
700,84862,8,0,0
700,84863,9,0,0
700,84864,10,0,0
700,84865,11,0,0
700,84866,12,0,0
700,84867,13,0,0
700,84868,14,0,0
700,84869,15,0,0
700,84870,16,0,0
700,84871,17,0,0
700,84872,18,0,0
700,84873,19,0,0
700,84874,20,0,0
700,84875,21,0,0
700,84876,22,0,0
700,84877,23,0,0
700,84878,24,0,0
700,84879,25,0,0
700,84880,26,0,0
700,84881,27,0,0
700,84882,28,0,0
700,84883,29,0,0
700,84884,30,0,0
700,84885,31,0,0
700,84886,32,0,0
700,84887,33,0,0
700,89238,34,0,0
700,84855,35,1,1
700,84807,36,1,1
700,86551,37,1,1
800,84780,1,0,0
800,84657,2,0,0
800,84658,3,0,0
800,84659,4,0,0
800,84660,5,0,0
800,84661,6,0,0
800,84662,7,0,0
800,84663,8,0,0
800,84664,9,0,0
800,84665,10,0,0
800,84666,11,0,0
800,84667,12,0,0
800,84668,13,0,0
800,84669,14,0,0
800,84670,15,0,0
800,84671,16,0,0
800,84672,17,0,0
800,84673,18,0,0
800,84674,19,0,0
800,84675,20,0,0
800,84676,21,0,0
800,84677,22,0,0
800,84678,23,0,0
800,84679,24,0,0
800,84680,25,0,0
800,84681,26,0,0
800,84682,27,0,0
800,84683,28,0,0
800,84684,29,0,0
800,84685,30,0,0
800,84793,31,0,0
800,84794,32,1,1
801,84641,1,0,0
801,84687,2,0,0
801,84688,3,0,0
801,84689,4,0,0
801,84690,5,0,0
801,84691,6,0,0
801,84692,7,0,0
801,84693,8,0,0
801,84694,9,0,0
801,84695,10,0,0
801,84696,11,0,0
801,84697,12,0,0
801,84698,13,0,0
801,84699,14,0,0
801,84700,15,0,0
801,84651,16,0,0
801,84701,17,0,0
801,84702,18,0,0
801,84703,19,0,0
801,84704,20,0,0
801,84705,21,0,0
801,84706,22,0,0
801,84707,23,0,0
801,84708,24,0,0
801,84709,25,0,0
801,84710,26,0,0
801,84711,27,0,0
801,84712,28,0,0
801,84507,29,0,0
801,84596,30,1,1
900,84761,1,0,0
900,84762,2,0,0
900,84742,3,0,0
900,84743,4,0,0
900,84744,5,0,0
900,84745,6,0,0
900,84746,7,0,0
900,84747,8,0,0
900,84748,9,0,0
900,84749,10,0,0
900,84726,11,0,0
900,84727,12,0,0
900,84728,13,0,0
900,84750,14,0,0
900,84751,15,0,0
900,84752,16,0,0
900,84753,17,0,0
900,84754,18,0,0
900,84755,19,0,0
900,84756,20,0,0
900,84757,21,0,0
900,84758,22,0,0
900,84759,23,0,0
900,84760,24,0,0
900,84807,25,1,1
900,84713,26,1,1
900,86551,27,1,1
900,84596,28,1,1
901,84807,1,0,0
901,84808,2,0,0
901,84809,3,0,0
901,84810,4,0,0
901,84715,5,0,0
901,84716,6,0,0
901,84717,7,0,0
901,84718,8,0,0
901,84719,9,0,0
901,84720,10,0,0
901,84721,11,0,0
901,84722,12,0,0
901,84723,13,0,0
901,84724,14,0,0
901,84725,15,0,0
901,84726,16,0,0
901,84727,17,0,0
901,84728,18,0,0
901,84729,19,0,0
901,84730,20,0,0
901,84731,21,0,0
901,84732,22,0,0
901,84733,23,0,0
901,84734,24,0,0
901,84735,25,0,0
901,84736,26,0,0
901,84737,27,0,0
901,84738,28,0,0
901,89277,29,0,0
901,84519,30,0,0
901,84739,31,0,0
901,84740,32,0,0
901,84741,33,0,0
901,84761,34,1,1
901,84742,35,1,1
1400,84807,1,0,0
1400,84856,2,0,0
1400,84714,3,0,0
1400,84715,4,0,0
1400,84716,5,0,0
1400,84717,6,0,0
1400,84718,7,0,0
1400,84719,8,0,0
1400,84720,9,0,0
1400,84721,10,0,0
1400,84722,11,0,0
1400,84723,12,0,0
1400,84724,13,0,0
1400,84725,14,0,0
1400,84726,15,0,0
1400,84727,16,0,0
1400,84728,17,0,0
1400,84729,18,0,0
1400,84730,19,0,0
1400,84731,20,0,0
1400,84732,21,0,0
1400,84733,22,0,0
1400,84734,23,0,0
1400,84735,24,0,0
1400,84736,25,0,0
1400,84737,26,0,0
1400,84738,27,0,0
1400,84519,28,0,0
1400,84739,29,0,0
1400,84740,30,0,0
1400,84741,31,0,0
1400,84742,32,0,0
1400,84743,33,0,0
1400,84744,34,0,0
1400,84745,35,0,0
1400,84746,36,0,0
1400,84871,37,0,0
1400,84872,38,0,0
1400,84873,39,0,0
1400,84874,40,0,0
1400,84875,41,0,0
1400,84876,42,0,0
1400,84877,43,0,0
1400,84878,44,0,0
1400,84879,45,0,0
1400,84892,46,0,0
1400,84755,47,0,0
1400,84756,48,0,0
1400,84893,49,0,0
1400,84882,50,0,0
1400,84883,51,0,0
1400,84884,52,0,0
1400,84885,53,0,0
1400,84886,54,0,0
1400,84887,55,0,0
2000,84496,1,0,0
2000,84606,2,0,0
2000,84607,3,0,0
2000,84608,4,0,0
2000,84609,5,0,0
2000,84610,6,0,0
2000,84611,7,0,0
2000,84612,8,0,0
2000,84613,9,0,0
2000,86280,10,0,0
2000,84614,11,0,0
2000,84567,12,1,1
2001,84578,1,0,0
2001,84579,2,0,0
2001,84580,3,0,0
2001,84581,4,0,0
2001,84582,5,0,0
2001,84583,6,0,0
2001,84584,7,0,0
2001,84585,8,0,0
2001,84586,9,0,0
2001,89364,10,0,0
2001,89365,11,0,0
2001,84589,12,0,0
2001,84590,13,0,0
2001,84591,14,0,0
2001,84592,15,0,0
2001,84593,16,0,0
2001,84594,17,0,0
2001,84595,18,0,0
2001,84596,19,1,1
2100,84970,1,0,0
2100,84520,2,0,0
2100,84521,3,0,0
2100,84522,4,0,0
2100,84771,5,0,0
2100,84772,6,0,0
2100,84773,7,0,0
2100,86525,8,0,0
2100,86526,9,0,0
2100,84676,10,0,0
2100,84577,11,0,0
2100,84578,12,1,1
2101,84578,1,0,0
2101,84579,2,0,0
2101,84580,3,0,0
2101,84581,4,0,0
2101,84582,5,0,0
2101,84583,6,0,0
2101,84584,7,0,0
2101,84585,8,0,0
2101,84586,9,0,0
2101,84696,10,0,0
2101,86527,11,0,0
2101,86528,12,0,0
2101,84624,13,0,0
2101,84625,14,0,0
2101,84564,15,0,0
2101,84565,16,0,0
2101,84566,17,0,0
2101,84970,18,1,1
2300,84596,1,0,0
2300,84568,2,0,0
2300,84569,3,0,0
2300,84570,4,0,0
2300,84571,5,0,0
2300,84572,6,0,0
2300,84616,7,0,0
2300,84617,8,0,0
2300,84618,9,0,0
2300,84619,10,0,0
2300,84620,11,0,0
2300,84622,12,0,0
2300,84623,13,0,0
2300,84624,14,0,0
2300,89507,15,0,0
2300,89508,16,0,0
2300,89509,17,0,0
2300,84638,18,0,0
2300,84639,19,0,0
2300,84640,20,0,0
2300,84641,21,1,1
2301,84794,1,0,0
2301,84795,2,0,0
2301,84796,3,0,0
2301,84797,4,0,0
2301,89438,5,0,0
2301,84557,6,0,0
2301,84558,7,0,0
2301,84773,8,0,0
2301,84774,9,0,0
2301,84775,10,0,0
2301,84776,11,0,0
2301,84777,12,0,0
2301,84778,13,0,0
2301,84779,14,0,0
2301,84591,15,0,0
2301,84592,16,0,0
2301,84593,17,0,0
2301,84594,18,0,0
2301,84595,19,0,0
2301,84780,20,1,1
2400,84736,1,0,0
2400,84737,2,0,0
2400,84738,3,0,0
2400,84519,4,0,0
2400,84520,5,0,0
2400,84521,6,0,0
2400,84626,7,0,0
2400,84627,8,0,0
2400,84628,9,0,0
2400,89194,10,0,0
2400,84629,11,0,0
2400,84630,12,0,0
2400,84545,13,0,0
2400,84546,14,0,0
2400,84547,15,0,0
2400,84548,16,0,0
2400,84549,17,0,0
2400,84550,18,0,0
2400,84551,19,0,0
2400,84552,20,0,0
2400,84553,21,0,0
2400,84631,22,0,0
2400,84632,23,0,0
2400,84633,24,0,0
2400,84634,25,0,0
2400,84636,26,0,0
2400,84637,27,0,0
2400,84638,28,0,0
2400,84639,29,0,0
2400,84640,30,0,0
2400,84641,31,1,1
2401,84794,1,0,0
2401,84795,2,0,0
2401,84796,3,0,0
2401,84797,4,0,0
2401,84798,5,0,0
2401,84799,6,0,0
2401,84801,7,0,0
2401,84802,8,0,0
2401,84803,9,0,0
2401,84804,10,0,0
2401,84805,11,0,0
2401,84806,12,0,0
2401,84543,13,0,0
2401,84544,14,0,0
2401,84545,15,0,0
2401,84546,16,0,0
2401,84547,17,0,0
2401,84548,18,0,0
2401,84549,19,0,0
2401,84763,20,0,0
2401,84765,21,0,0
2401,84766,22,0,0
2401,84767,23,0,0
2401,84769,24,0,0
2401,84770,25,0,0
2401,84566,26,0,0
2401,84519,27,0,0
2401,84736,28,1,1
2500,84970,1,0,0
2500,84520,2,0,0
2500,84521,3,0,0
2500,84522,4,0,0
2500,89069,5,0,0
2500,89070,6,0,0
2500,89071,7,0,0
2500,89072,8,0,0
2500,84553,9,0,0
2500,84554,10,0,0
2500,84555,11,0,0
2500,89135,12,0,0
2500,89136,13,0,0
2500,84791,14,0,0
2500,84792,15,0,0
2500,84686,16,0,0
2500,84641,17,1,1
2501,84641,1,0,0
2501,84642,2,0,0
2501,89142,3,0,0
2501,89143,4,0,0
2501,89144,5,0,0
2501,89145,6,0,0
2501,89146,7,0,0
2501,84805,8,0,0
2501,89148,9,0,0
2501,89149,10,0,0
2501,84562,11,0,0
2501,84563,12,0,0
2501,84564,13,0,0
2501,84565,14,0,0
2501,84566,15,0,0
2501,84970,16,1,1
1000000,84496,1,0,0
1000000,84497,2,0,0
1000000,84498,3,0,0
1000000,84499,4,0,0
1000000,84500,5,0,0
1000000,84501,6,0,0
1000000,84502,7,0,0
1000000,84503,8,0,0
1000000,84504,9,0,0
1000000,84505,10,0,0
1000000,84506,11,0,0
1000000,84507,12,0,0
1000000,86474,13,0,0
1000000,84508,14,0,0
1000000,84509,15,0,0
1000000,84510,16,0,0
1000000,84511,17,0,0
1000000,84512,18,0,0
1000000,84513,19,0,0
1000000,84514,20,0,0
1000000,84515,21,0,0
1000000,84516,22,0,0
1000000,84517,23,0,0
1000000,84518,24,0,0
1000000,84738,25,0,0
1000000,87059,26,0,0
1000000,84970,27,1,1
1000001,84970,1,0,0
1000001,84520,2,0,0
1000001,84521,3,0,0
1000001,84522,4,0,0
1000001,84523,5,0,0
1000001,84524,6,0,0
1000001,84525,7,0,0
1000001,84526,8,0,0
1000001,84527,9,0,0
1000001,84528,10,0,0
1000001,84529,11,0,0
1000001,84530,12,0,0
1000001,84531,13,0,0
1000001,86259,14,0,0
1000001,84532,15,0,0
1000001,84533,16,0,0
1000001,84534,17,0,0
1000001,84535,18,0,0
1000001,84536,19,0,0
1000001,84537,20,0,0
1000001,84538,21,0,0
1000001,84539,22,0,0
1000001,84540,23,0,0
1000001,84541,24,0,0
1000001,84542,25,0,0
1000001,84496,26,1,1
2000000,89230,1,0,0
2000000,84820,2,0,0
2000000,84822,3,0,0
2000000,89233,4,0,0
2000000,89234,5,0,0
2000000,89235,6,0,0
2000000,84832,7,0,0
2000000,84614,8,0,0
2000000,89238,9,0,0
2000000,86259,10,0,0
2000000,84615,11,0,0
2000000,84781,12,0,0
2000000,84782,13,0,0
2000000,84783,14,0,0
2000000,84784,15,0,0
2000000,84785,16,0,0
2000000,84671,17,0,0
2000000,84786,18,0,0
2000000,84787,19,0,0
2000000,84788,20,0,0
2000000,84789,21,0,0
2000000,84790,22,0,0
2000000,84791,23,0,0
2000000,84792,24,0,0
2000000,84686,25,0,0
2000000,84641,26,1,1
2000000,84793,27,0,0
2000000,84794,28,1,1
2000001,84641,1,0,0
2000001,84642,2,0,0
2000001,84644,3,0,0
2000001,84645,4,0,0
2000001,84646,5,0,0
2000001,84647,6,0,0
2000001,84648,7,0,0
2000001,84649,8,0,0
2000001,84650,9,0,0
2000001,84651,10,0,0
2000001,84652,11,0,0
2000001,84653,12,0,0
2000001,84654,13,0,0
2000001,84655,14,0,0
2000001,84656,15,0,0
2000001,84897,16,0,0
2000001,89223,17,0,0
2000001,84848,18,0,0
2000001,89225,19,0,0
2000001,89226,20,0,0
2000001,89227,21,0,0
2000001,89228,22,0,0
2000001,89229,23,0,0
2000001,89230,24,1,1
