2100,'617',622,,1717,3,,,0,25,,1721,3,,,0,70,,1718,3,,,0,100,,1713,3,,,0,100,,1722,3,,,0,100,,1715,3,,,0,100,,1719,3,,,0,100,,1714,3,,,0,100,,1723,3,,,0,100,,1716,3,,,0,100,,1720,3,,,0
2400,'617',528,,1899,3,,,0,81,,1892,6,,,0,30,,1906,6,,,0,70,,1900,6,,,0,30,,1913,6,,,0,70,,1917,6,,,0,30,,1893,6,,,0,70,,1907,6,,,0,30,,1901,6,,,0,70,,1914,6,,,0,30,,1918,6,,,0,70,,1894,6,,,0,30,,1908,6,,,0,70,,1902,6,,,0,30,,1915,6,,,0,70,,1919,6,,,0,30,,1895,6,,,0,70,,1909,6,,,0,30,,1903,6,,,0,70,,1916,6,,,0,30,,1920,6,,,0,70,,1896,6,,,0,30,,1921,6,,,0,70,,1904,6,,,0,30,,1925,6,,,0,70,,1910,6,,,0,30,,1897,6,,,0,70,,1922,6,,,0,30,,1905,6,,,0,70,,1926,6,,,0,30,,1911,6,,,0,70,,1898,6,,,0,30,,1923,6,,,0,112,,1912,3,,,0,99,,1924,3,,,0
2400,'618',836,,1927,3,,,0,85,,1933,3,,,0,85,,1938,3,,,0,45,,1928,3,,,0,85,,1934,3,,,0,85,,1939,3,,,0,85,,1929,3,,,0,45,,1935,3,,,0,85,,1940,3,,,0,85,,1930,3,,,0,85,,1936,3,,,0,45,,1941,3,,,0,85,,1931,3,,,0,85,,1937,3,,,0,85,,1942,3,,,0,45,,1932,3,,,0
2400,'619',609,,1964,3,,,0,30,,1943,6,,,0,70,,1971,6,,,0,30,,1951,6,,,0,70,,1957,6,,,0,30,,1965,6,,,0,70,,1944,6,,,0,30,,1972,6,,,0,70,,1952,6,,,0,30,,1958,6,,,0,70,,1966,6,,,0,30,,1945,6,,,0,70,,1973,6,,,0,30,,1953,6,,,0,70,,1959,6,,,0,30,,1967,6,,,0,70,,1946,6,,,0,30,,1974,6,,,0,70,,1954,6,,,0,30,,1960,6,,,0,70,,1968,6,,,0,30,,1947,6,,,0,70,,1975,6,,,0,30,,1955,6,,,0,70,,1961,6,,,0,30,,1969,6,,,0,70,,1948,6,,,0,30,,1976,6,,,0,70,,1956,6,,,0,30,,1962,6,,,0,70,,1970,6,,,0,30,,1949,6,,,0,112,,1963,3,,,0,99,,1950,3,,,0
2500,'617',547,,2076,3,,,0,70,,2064,3,,,0,30,,2068,3,,,0,70,,2081,3,,,0,30,,2077,3,,,0,70,,2065,3,,,0,30,,2069,3,,,0,70,,2082,3,,,0,30,,2078,3,,,0,70,,2066,3,,,0,30,,2070,3,,,0,70,,2083,3,,,0,30,,2079,3,,,0,70,,2067,3,,,0,30,,2071,3,,,0,70,,2084,3,,,0,30,,2080,3,,,0,70,,2094,3,,,0,20,,2093,3,,,0,20,,2072,3,,,0,60,,2085,3,,,0,30,,2073,3,,,0,70,,2095,3,,,0,30,,2090,3,,,0,70,,2086,3,,,0,30,,2074,3,,,0,70,,2096,3,,,0,30,,2091,3,,,0,70,,2087,3,,,0,30,,2075,3,,,0,70,,2097,3,,,0,30,,2092,3,,,0,70,,2088,3,,,0,100,,2098,3,,,0,100,,2089,3,,,0,95,,2099,3,,,0
2500,'618',847,,2100,3,,,0,100,,2104,3,,,0,100,,2101,3,,,0,70,,2108,3,,,0,30,,2105,3,,,0,70,,2113,3,,,0,30,,2102,3,,,0,70,,2109,3,,,0,30,,2106,3,,,0,70,,2114,3,,,0,30,,2103,3,,,0,70,,2110,3,,,0,30,,2107,3,,,0,70,,2115,3,,,0,100,,2111,3,,,0,100,,2116,3,,,0,100,,2112,3,,,0
2500,'619',617,,2134,3,,,0,30,,2117,3,,,0,70,,2125,3,,,0,30,,2144,3,,,0,70,,2135,3,,,0,30,,2118,3,,,0,70,,2126,3,,,0,30,,2145,3,,,0,70,,2136,3,,,0,30,,2119,3,,,0,70,,2127,3,,,0,30,,2146,3,,,0,70,,2137,3,,,0,30,,2120,3,,,0,70,,2128,3,,,0,30,,2147,3,,,0,70,,2138,3,,,0,30,,2121,3,,,0,70,,2129,3,,,0,30,,2148,3,,,0,70,,2139,3,,,0,30,,2122,3,,,0,70,,2130,3,,,0,30,,2149,3,,,0,70,,2140,3,,,0,30,,2123,3,,,0,70,,2131,3,,,0,30,,2150,3,,,0,70,,2141,3,,,0,30,,2124,3,,,0,70,,2132,3,,,0,100,,2142,3,,,0,100,,2133,3,,,0,95,,2143,3,,,0
1000001,'617',526,,2341,3,,,0,30,,2356,3,,,0,70,,2351,3,,,0,30,,2335,3,,,0,70,,2342,3,,,0,15,,2350,3,,,0,15,,2357,3,,,0,70,,2352,3,,,0,30,,2336,3,,,0,70,,2343,3,,,0,30,,2358,3,,,0,70,,2353,3,,,0,30,,2337,3,,,0,70,,2344,3,,,0,30,,2359,3,,,0,70,,2354,3,,,0,30,,2338,3,,,0,60,,2368,3,,,0,20,,2345,3,,,0,20,,2360,3,,,0,60,,2339,3,,,0,19,,2355,3,,,0,20,,2370,3,,,0,60,,2369,3,,,0,20,,2340,3,,,0,20,,2361,3,,,0,70,,2346,3,,,0,30,,2371,3,,,0,70,,2366,3,,,0,30,,2362,3,,,0,70,,2347,3,,,0,30,,2372,3,,,0,70,,2367,3,,,0,30,,2363,3,,,0,70,,2348,3,,,0,30,,2373,3,,,0,100,,2364,3,,,0,102,,2374,3,,,0,100,,2365,3,,,0
1000001,'618',826,,2379,3,,,0,100,,2375,3,,,0,100,,2380,3,,,0,100,,2376,3,,,0,30,,2384,3,,,0,70,,2381,3,,,0,30,,2390,3,,,0,70,,2377,3,,,0,30,,2385,3,,,0,70,,2382,3,,,0,30,,2391,3,,,0,70,,2378,3,,,0,30,,2386,3,,,0,70,,2383,3,,,0,30,,2392,3,,,0,100,,2387,3,,,0,100,,2393,3,,,0,100,,2388,3,,,0
1000001,'619',556,,2402,3,,,0,70,,2421,3,,,0,30,,2412,3,,,0,70,,2395,3,,,0,30,,2403,3,,,0,70,,2422,3,,,0,30,,2413,3,,,0,70,,2396,3,,,0,30,,2404,3,,,0,70,,2423,3,,,0,30,,2414,3,,,0,70,,2397,3,,,0,30,,2405,3,,,0,70,,2424,3,,,0,30,,2415,3,,,0,70,,2398,3,,,0,30,,2406,3,,,0,70,,2425,3,,,0,30,,2416,3,,,0,70,,2399,3,,,0,30,,2407,3,,,0,70,,2426,3,,,0,30,,2417,3,,,0,70,,2400,3,,,0,30,,2408,3,,,0,70,,2427,3,,,0,30,,2418,3,,,0,70,,2401,3,,,0,29,,2409,3,,,0,70,,2428,3,,,0,30,,2419,3,,,0,100,,2410,3,,,0,102,,2420,3,,,0,100,,2411,3,,,0
