100,'617',544,,1163,26,,,0,75,,1164,26,,,0,35,,1165,26,,,0,77,,1166,26,,,0,75,,1167,26,,,0,35,,1168,26,,,0,75,,1169,26,,,0,35,,1170,26,,,0,75,,1171,26,,,0,75,,1172,26,,,0,35,,1173,26,,,0,75,,1174,26,,,0,35,,1175,26,,,0,75,,1176,26,,,0,35,,1177,26,,,0,75,,1178,26,,,0,75,,1179,26,,,0,35,,1180,26,,,0,75,,1181,26,,,0,35,,1182,26,,,0,75,,1183,26,,,0,75,,1184,26,,,0,34,,1185,26,,,0,75,,1186,26,,,0,35,,1187,26,,,0,75,,1188,26,,,0,35,,1189,26,,,0,80,,1190,26,,,0
100,'618',852,,1191,26,,,0,100,,1192,26,,,0,100,,1193,26,,,0,100,,1194,26,,,0,100,,1195,26,,,0,100,,1196,26,,,0,100,,1197,26,,,0,100,,1198,26,,,0,100,,1199,26,,,0,100,,1200,26,,,0,100,,1201,26,,,0
100,'619',619,,1202,26,,,0,35,,1203,26,,,0,78,,1204,26,,,0,75,,1205,26,,,0,35,,1206,26,,,0,75,,1207,26,,,0,35,,1208,26,,,0,75,,1209,26,,,0,75,,1210,26,,,0,35,,1211,26,,,0,75,,1212,26,,,0,35,,1213,26,,,0,75,,1214,26,,,0,35,,1215,26,,,0,75,,1216,26,,,0,75,,1217,26,,,0,35,,1218,26,,,0,75,,1219,26,,,0,35,,1220,26,,,0,75,,1221,26,,,0,75,,1222,26,,,0,33,,1223,26,,,0,75,,1224,26,,,0,35,,1225,26,,,0,75,,1226,26,,,0,35,,1227,26,,,0,80,,1228,26,,,0
501,'617',554,,1271,18,,,0,92,,1273,18,,,0,103,,1272,18,,,0,100,,1274,18,,,0,100,,1275,18,,,0,100,,1276,18,,,0,100,,1277,18,,,0,100,,1278,18,,,0,100,,1279,18,,,0,100,,1280,18,,,0,100,,1281,18,,,0,100,,1282,18,,,0,98,,1283,18,,,0,100,,1284,18,,,0,100,,1285,18,,,0,100,,1286,18,,,0,100,,1287,18,,,0
501,'618',817,,1288,18,,,0,94,,1294,18,,,0,103,,1289,18,,,0,100,,1295,18,,,0,100,,1290,18,,,0,100,,1296,18,,,0,100,,1291,18,,,0,100,,1297,18,,,0,100,,1292,18,,,0,100,,1298,18,,,0,100,,1293,18,,,0
501,'619',557,,1299,18,,,0,89,,1300,18,,,0,103,,1315,18,,,0,100,,1301,18,,,0,100,,1302,18,,,0,100,,1303,18,,,0,100,,1304,18,,,0,100,,1305,18,,,0,100,,1306,18,,,0,100,,1307,18,,,0,100,,1308,18,,,0,100,,1309,18,,,0,98,,1310,18,,,0,100,,1311,18,,,0,100,,1312,18,,,0,100,,1313,18,,,0,100,,1314,18,,,0
2000,'617',2442,,1705,11,,,0
2000,'618',2027,,1706,11,,,0
2000,'619',2112,,1707,11,,,0,330,,1708,11,,,0
2000000,'617',557,,2435,8,,,0,70,,2451,8,,,0,30,,2456,8,,,0,70,,2429,8,,,0,30,,2443,8,,,0,70,,2436,8,,,0,30,,2452,8,,,0,70,,2457,8,,,0,30,,2430,8,,,0,70,,2444,8,,,0,30,,2437,8,,,0,70,,2453,8,,,0,30,,2458,8,,,0,70,,2431,8,,,0,30,,2445,8,,,0,70,,2438,8,,,0,30,,2454,8,,,0,70,,2459,8,,,0,30,,2432,8,,,0,60,,2460,8,,,0,20,,2446,8,,,0,20,,2439,8,,,0,60,,2465,8,,,0,20,,2455,8,,,0,20,,2447,8,,,0,70,,2433,8,,,0,30,,2461,8,,,0,70,,2440,8,,,0,30,,2466,8,,,0,70,,2448,8,,,0,30,,2434,8,,,0,70,,2462,8,,,0,30,,2441,8,,,0,70,,2467,8,,,0,30,,2449,8,,,0,100,,2463,8,,,0,101,,2450,8,,,0,94,,2464,8,,,0
2000000,'618',827,,2474,8,,,0,85,,2480,8,,,0,45,,2469,8,,,0,85,,2475,8,,,0,85,,2481,8,,,0,85,,2470,8,,,0,45,,2476,8,,,0,85,,2482,8,,,0,85,,2471,8,,,0,85,,2477,8,,,0,45,,2483,8,,,0,85,,2472,8,,,0,85,,2478,8,,,0,85,,2484,8,,,0,45,,2473,8,,,0,85,,2479,8,,,0
2000000,'619',627,,2493,8,,,0,30,,2500,8,,,0,70,,2508,8,,,0,30,,2485,8,,,0,70,,2515,8,,,0,30,,2494,8,,,0,70,,2501,8,,,0,30,,2509,8,,,0,70,,2486,8,,,0,30,,2516,8,,,0,70,,2495,8,,,0,30,,2502,8,,,0,70,,2510,8,,,0,30,,2487,8,,,0,70,,2517,8,,,0,30,,2496,8,,,0,70,,2503,8,,,0,30,,2511,8,,,0,70,,2488,8,,,0,30,,2518,8,,,0,70,,2497,8,,,0,30,,2504,8,,,0,70,,2512,8,,,0,30,,2489,8,,,0,70,,2519,8,,,0,30,,2498,8,,,0,70,,2505,8,,,0,30,,2513,8,,,0,70,,2490,8,,,0,30,,2520,8,,,0,70,,2499,8,,,0,30,,2506,8,,,0,100,,2491,8,,,0,101,,2507,8,,,0,94,,2492,8,,,0
