801,'617',613,,1470,30,4,,0,33,,1486,30,4,,0,70,,1471,30,4,,0,30,,1487,30,4,,0,70,,1472,30,4,,0,30,,1488,30,4,,0,70,,1473,30,4,,0,30,,1489,30,4,,0,70,,1474,30,4,,0,30,,1490,30,4,,0,70,,1475,30,4,,0,30,,1491,30,4,,0,70,,1476,30,4,,0,30,,1492,30,4,,0,70,,1477,30,4,,0,30,,1493,30,4,,0,70,,1478,30,4,,0,30,,1494,30,4,,0,70,,1479,30,4,,0,30,,1495,30,4,,0,70,,1480,30,4,,0,30,,1496,30,4,,0,70,,1481,30,4,,0,30,,1497,30,4,,0,70,,1482,30,4,,0,30,,1498,30,4,,0,70,,1483,30,4,,0,30,,1499,30,4,,0,70,,1484,30,4,,0,30,,1500,30,4,,0,70,,1485,30,4,,0,30,,1501,30,4,,0,100,,1502,30,4,,0,100,,1503,30,4,,0,100,,1504,30,4,,0
801,'618',908,,1505,30,4,,0,100,,1506,30,4,,0,100,,1507,30,4,,0,100,,1508,30,4,,0,100,,1509,30,4,,0,100,,1510,30,4,,0,100,,1511,30,4,,0,100,,1512,30,4,,0,100,,1513,30,4,,0,100,,1514,30,4,,0,100,,1515,30,4,,0
801,'619',716,,1516,30,4,,0,30,,1531,30,4,,0,70,,1517,30,4,,0,30,,1532,30,4,,0,70,,1518,30,4,,0,30,,1533,30,4,,0,70,,1519,30,4,,0,30,,1534,30,4,,0,70,,1520,30,4,,0,30,,1535,30,4,,0,70,,1521,30,4,,0,30,,1536,30,4,,0,70,,1522,30,4,,0,30,,1537,30,4,,0,70,,1523,30,4,,0,30,,1538,30,4,,0,70,,1524,30,4,,0,30,,1539,30,4,,0,70,,1525,30,4,,0,30,,1540,30,4,,0,70,,1526,30,4,,0,30,,1541,30,4,,0,70,,1527,30,4,,0,30,,1542,30,4,,0,70,,1528,30,4,,0,30,,1543,30,4,,0,70,,1529,30,4,,0,30,,1544,30,4,,0,70,,1530,30,4,,0,30,,1545,30,4,,0,100,,1546,30,4,,0,100,,1547,30,4,,0,100,,1548,30,4,,0
900,'617',1634,,1581,20,4,,0
2001,'617',2331,,1709,19,4,,0,100,,1710,19,4,,0
2001,'618',2032,,1711,19,4,,0
2001,'619',2431,,1712,19,4,,0
2300,'617',552,,1750,1,,,0,70,,1735,1,,,0,30,,1751,1,,,0,70,,1736,1,,,0,30,,1752,1,,,0,70,,1737,1,,,0,30,,1753,1,,,0,70,,1738,1,,,0,30,,1754,1,,,0,70,,1739,1,,,0,30,,1755,1,,,0,70,,1740,1,,,0,30,,1756,1,,,0,70,,1741,1,,,0,30,,1757,1,,,0,70,,1742,1,,,0,30,,1758,1,,,0,70,,1743,1,,,0,30,,1759,1,,,0,70,,1744,1,,,0,30,,1760,1,,,0,70,,1745,1,,,0,30,,1761,1,,,0,70,,1746,1,,,0,30,,1762,1,,,0,70,,1747,1,,,0,30,,1763,1,,,0,70,,1748,1,,,0,30,,1764,1,,,0,70,,1749,1,,,0,30,,1765,1,,,0,100,,1766,1,,,0,100,,1767,1,,,0,100,,1768,1,,,0,95,,1769,1,,,0
2300,'618',814,,1771,1,,,0,100,,1772,1,,,0,100,,1773,1,,,0,100,,1774,1,,,0,100,,1775,1,,,0,100,,1776,1,,,0,100,,1777,1,,,0,100,,1778,1,,,0,100,,1779,1,,,0,100,,1780,1,,,0,100,,1781,1,,,0,100,,1770,1,,,0
2300,'619',622,,1782,1,,,0,100,,1783,1,,,0,30,,1797,1,,,0,70,,1784,1,,,0,30,,1798,1,,,0,70,,1785,1,,,0,30,,1799,1,,,0,70,,1786,1,,,0,30,,1800,1,,,0,70,,1787,1,,,0,30,,1801,1,,,0,70,,1788,1,,,0,30,,1802,1,,,0,70,,1789,1,,,0,30,,1803,1,,,0,70,,1790,1,,,0,30,,1804,1,,,0,70,,1791,1,,,0,30,,1805,1,,,0,70,,1792,1,,,0,30,,1806,1,,,0,70,,1793,1,,,0,30,,1807,1,,,0,70,,1794,1,,,0,30,,1808,1,,,0,70,,1795,1,,,0,30,,1809,1,,,0,70,,1796,1,,,0,30,,1810,1,,,0,100,,1811,1,,,0,100,,1812,1,,,0,100,,1813,1,,,0
