2100,'617',620,,1717,1,,,0,25,,1721,1,,,0,70,,1718,1,,,0,100,,1713,1,,,0,100,,1722,1,,,0,100,,1715,1,,,0,100,,1719,1,,,0,100,,1714,1,,,0,100,,1723,1,,,0,100,,1716,1,,,0,100,,1720,1,,,0
2101,'617',709,,1730,18,4,,0,26,,1727,18,4,,0,70,,1724,18,4,,0,100,,1733,18,4,,0,100,,1728,18,4,,0,100,,1731,18,4,,0,100,,1725,18,4,,0,100,,1734,18,4,,0,100,,1729,18,4,,0,100,,1732,18,4,,0,100,,1726,18,4,,0
2500,'617',545,,2076,1,,,0,70,,2064,1,,,0,30,,2068,1,,,0,70,,2081,1,,,0,30,,2077,1,,,0,70,,2065,1,,,0,30,,2069,1,,,0,70,,2082,1,,,0,30,,2078,1,,,0,70,,2066,1,,,0,30,,2070,1,,,0,70,,2083,1,,,0,30,,2079,1,,,0,70,,2067,1,,,0,30,,2071,1,,,0,70,,2084,1,,,0,30,,2080,1,,,0,70,,2094,1,,,0,20,,2093,1,,,0,20,,2072,1,,,0,60,,2085,1,,,0,30,,2073,1,,,0,70,,2095,1,,,0,30,,2090,1,,,0,70,,2086,1,,,0,30,,2074,1,,,0,70,,2096,1,,,0,30,,2091,1,,,0,70,,2087,1,,,0,30,,2075,1,,,0,70,,2097,1,,,0,30,,2092,1,,,0,70,,2088,1,,,0,100,,2098,1,,,0,100,,2089,1,,,0,95,,2099,1,,,0
2500,'618',845,,2100,1,,,0,100,,2104,1,,,0,100,,2101,1,,,0,70,,2108,1,,,0,30,,2105,1,,,0,70,,2113,1,,,0,30,,2102,1,,,0,70,,2109,1,,,0,30,,2106,1,,,0,70,,2114,1,,,0,30,,2103,1,,,0,70,,2110,1,,,0,30,,2107,1,,,0,70,,2115,1,,,0,100,,2111,1,,,0,100,,2116,1,,,0,100,,2112,1,,,0
2500,'619',615,,2134,1,,,0,30,,2117,1,,,0,70,,2125,1,,,0,30,,2144,1,,,0,70,,2135,1,,,0,30,,2118,1,,,0,70,,2126,1,,,0,30,,2145,1,,,0,70,,2136,1,,,0,30,,2119,1,,,0,70,,2127,1,,,0,30,,2146,1,,,0,70,,2137,1,,,0,30,,2120,1,,,0,70,,2128,1,,,0,30,,2147,1,,,0,70,,2138,1,,,0,30,,2121,1,,,0,70,,2129,1,,,0,30,,2148,1,,,0,70,,2139,1,,,0,30,,2122,1,,,0,70,,2130,1,,,0,30,,2149,1,,,0,70,,2140,1,,,0,30,,2123,1,,,0,70,,2131,1,,,0,30,,2150,1,,,0,70,,2141,1,,,0,30,,2124,1,,,0,70,,2132,1,,,0,100,,2142,1,,,0,100,,2133,1,,,0,95,,2143,1,,,0
2501,'617',554,,2168,16,4,,0,70,,2163,16,4,,0,30,,2151,16,4,,0,70,,2155,16,4,,0,30,,2169,16,4,,0,70,,2164,16,4,,0,29,,2152,16,4,,0,70,,2156,16,4,,0,30,,2170,16,4,,0,70,,2165,16,4,,0,30,,2153,16,4,,0,70,,2157,16,4,,0,30,,2171,16,4,,0,70,,2166,16,4,,0,30,,2154,16,4,,0,70,,2158,16,4,,0,30,,2172,16,4,,0,70,,2167,16,4,,0,30,,2181,16,4,,0,60,,2180,16,4,,0,20,,2159,16,4,,0,20,,2173,16,4,,0,70,,2160,16,4,,0,30,,2182,16,4,,0,70,,2178,16,4,,0,30,,2174,16,4,,0,70,,2161,16,4,,0,30,,2183,16,4,,0,70,,2179,16,4,,0,30,,2175,16,4,,0,70,,2162,16,4,,0,30,,2184,16,4,,0,100,,2176,16,4,,0,100,,2185,16,4,,0,100,,2177,16,4,,0,95,,2186,16,4,,0
2501,'618',923,,2187,16,4,,0,100,,2191,16,4,,0,100,,2188,16,4,,0,30,,2195,16,4,,0,70,,2192,16,4,,0,30,,2200,16,4,,0,70,,2189,16,4,,0,30,,2196,16,4,,0,70,,2193,16,4,,0,30,,2201,16,4,,0,70,,2190,16,4,,0,30,,2197,16,4,,0,70,,2194,16,4,,0,30,,2202,16,4,,0,100,,2198,16,4,,0,100,,2203,16,4,,0,100,,2199,16,4,,0
2501,'619',624,,2230,16,4,,0,30,,2220,16,4,,0,69,,2204,16,4,,0,30,,2211,16,4,,0,70,,2231,16,4,,0,30,,2221,16,4,,0,70,,2205,16,4,,0,30,,2212,16,4,,0,70,,2232,16,4,,0,30,,2222,16,4,,0,70,,2206,16,4,,0,30,,2213,16,4,,0,70,,2233,16,4,,0,30,,2223,16,4,,0,70,,2207,16,4,,0,30,,2214,16,4,,0,70,,2234,16,4,,0,30,,2224,16,4,,0,70,,2208,16,4,,0,30,,2215,16,4,,0,70,,2235,16,4,,0,30,,2225,16,4,,0,70,,2209,16,4,,0,30,,2216,16,4,,0,70,,2236,16,4,,0,30,,2226,16,4,,0,70,,2210,16,4,,0,30,,2217,16,4,,0,70,,2237,16,4,,0,30,,2227,16,4,,0,100,,2218,16,4,,0,100,,2228,16,4,,0,100,,2219,16,4,,0,95,,2229,16,4,,0
1000000,'617',540,,2254,15,4,,0,70,,2238,27,4,,0,32,,2245,27,4,,0,70,,2260,27,4,,0,30,,2255,27,4,,0,70,,2239,27,4,,0,30,,2246,27,4,,0,70,,2261,27,4,,0,30,,2256,27,4,,0,70,,2240,27,4,,0,30,,2247,27,4,,0,70,,2262,27,4,,0,30,,2257,27,4,,0,70,,2241,27,4,,0,30,,2248,27,4,,0,70,,2263,27,4,,0,30,,2258,27,4,,0,70,,2242,26,4,,0,20,,2273,27,4,,0,20,,2249,27,4,,0,60,,2264,27,4,,0,20,,2243,26,4,,0,21,,2259,26,4,,0,60,,2274,27,4,,0,30,,2270,27,4,,0,70,,2265,27,4,,0,30,,2250,27,4,,0,70,,2275,27,4,,0,30,,2271,27,4,,0,70,,2266,27,4,,0,28,,2251,27,4,,0,70,,2276,27,4,,0,30,,2272,27,4,,0,70,,2267,27,4,,0,30,,2252,27,4,,0,70,,2277,27,4,,0,100,,2268,27,4,,0,98,,2278,27,4,,0
1000000,'618',842,,2279,27,4,,0,100,,2284,27,4,,0,100,,2280,27,4,,0,65,,2288,15,4,,0,35,,2285,27,4,,0,70,,2293,27,4,,0,30,,2281,27,4,,0,70,,2289,27,4,,0,30,,2286,27,4,,0,70,,2294,27,4,,0,30,,2282,27,4,,0,70,,2290,27,4,,0,30,,2287,27,4,,0,70,,2295,27,4,,0,100,,2291,27,4,,0,100,,2296,27,4,,0,100,,2292,27,4,,0,100,,2297,26,4,,0
1000000,'619',610,,2316,15,4,,0,32,,2298,27,4,,0,70,,2306,27,4,,0,30,,2326,27,4,,0,70,,2317,27,4,,0,30,,2299,27,4,,0,70,,2307,27,4,,0,30,,2327,27,4,,0,70,,2318,27,4,,0,30,,2300,27,4,,0,70,,2308,27,4,,0,30,,2328,27,4,,0,70,,2319,27,4,,0,30,,2301,27,4,,0,70,,2309,27,4,,0,30,,2329,27,4,,0,70,,2320,27,4,,0,30,,2302,27,4,,0,70,,2310,27,4,,0,30,,2330,27,4,,0,70,,2321,27,4,,0,30,,2303,27,4,,0,70,,2311,27,4,,0,30,,2331,27,4,,0,70,,2322,27,4,,0,30,,2304,27,4,,0,70,,2312,27,4,,0,30,,2332,27,4,,0,70,,2323,27,4,,0,30,,2305,27,4,,0,69,,2313,27,4,,0,30,,2333,26,4,,0,70,,2324,27,4,,0,100,,2314,27,4,,0,98,,2325,27,4,,0
1000001,'617',525,,2341,1,,,0,30,,2356,1,,,0,70,,2351,1,,,0,30,,2335,1,,,0,70,,2342,1,,,0,15,,2350,1,,,0,15,,2357,1,,,0,70,,2352,1,,,0,30,,2336,1,,,0,70,,2343,1,,,0,30,,2358,1,,,0,70,,2353,1,,,0,30,,2337,1,,,0,70,,2344,1,,,0,30,,2359,1,,,0,70,,2354,1,,,0,30,,2338,1,,,0,60,,2368,1,,,0,20,,2345,1,,,0,20,,2360,1,,,0,60,,2339,1,,,0,19,,2355,1,,,0,20,,2370,1,,,0,60,,2369,1,,,0,20,,2340,1,,,0,20,,2361,1,,,0,70,,2346,1,,,0,30,,2371,1,,,0,70,,2366,1,,,0,30,,2362,1,,,0,70,,2347,1,,,0,30,,2372,1,,,0,70,,2367,1,,,0,30,,2363,1,,,0,70,,2348,1,,,0,30,,2373,1,,,0,100,,2364,1,,,0,102,,2374,1,,,0,100,,2365,1,,,0
1000001,'618',825,,2379,1,,,0,100,,2375,1,,,0,100,,2380,1,,,0,100,,2376,1,,,0,30,,2384,1,,,0,70,,2381,1,,,0,30,,2390,1,,,0,70,,2377,1,,,0,30,,2385,1,,,0,70,,2382,1,,,0,30,,2391,1,,,0,70,,2378,1,,,0,30,,2386,1,,,0,70,,2383,1,,,0,30,,2392,1,,,0,100,,2387,1,,,0,100,,2393,1,,,0,100,,2388,1,,,0
1000001,'619',555,,2402,1,,,0,70,,2421,1,,,0,30,,2412,1,,,0,70,,2395,1,,,0,30,,2403,1,,,0,70,,2422,1,,,0,30,,2413,1,,,0,70,,2396,1,,,0,30,,2404,1,,,0,70,,2423,1,,,0,30,,2414,1,,,0,70,,2397,1,,,0,30,,2405,1,,,0,70,,2424,1,,,0,30,,2415,1,,,0,70,,2398,1,,,0,30,,2406,1,,,0,70,,2425,1,,,0,30,,2416,1,,,0,70,,2399,1,,,0,30,,2407,1,,,0,70,,2426,1,,,0,30,,2417,1,,,0,70,,2400,1,,,0,30,,2408,1,,,0,70,,2427,1,,,0,30,,2418,1,,,0,70,,2401,1,,,0,29,,2409,1,,,0,70,,2428,1,,,0,30,,2419,1,,,0,100,,2410,1,,,0,102,,2420,1,,,0,100,,2411,1,,,0
