301,'614',546,,93,4,,,0,72,,104,4,,,0,35,,81,4,,,0,70,,82,4,,,0,35,,85,4,,,0,75,,86,4,,,0,70,,94,4,,,0,30,,105,4,,,0,70,,98,4,,,0,30,,87,4,,,0,70,,95,4,,,0,30,,106,4,,,0,70,,99,4,,,0,30,,88,4,,,0,70,,96,4,,,0,30,,107,4,,,0,70,,100,4,,,0,30,,89,4,,,0,70,,97,4,,,0,30,,108,4,,,0,70,,101,4,,,0,30,,90,4,,,0,70,,113,4,,,0,30,,109,4,,,0,70,,102,4,,,0,30,,91,4,,,0,70,,114,4,,,0,30,,110,4,,,0,70,,103,4,,,0,30,,92,4,,,0,70,,115,4,,,0,30,,111,4,,,0,100,,83,4,,,0,100,,112,4,,,0,93,,84,4,,,0
301,'615',828,,116,4,,,0,100,,122,4,,,0,100,,117,4,,,0,30,,126,4,,,0,70,,123,4,,,0,30,,129,4,,,0,70,,118,4,,,0,30,,127,4,,,0,70,,124,4,,,0,30,,130,4,,,0,70,,119,4,,,0,30,,128,4,,,0,70,,125,4,,,0,100,,120,4,,,0,100,,131,4,,,0,100,,121,4,,,0,100,,132,4,,,0
301,'616',628,,149,4,,,0,30,,142,4,,,0,70,,133,4,,,0,30,,159,4,,,0,70,,150,4,,,0,30,,143,4,,,0,70,,134,4,,,0,30,,160,4,,,0,70,,151,4,,,0,30,,144,4,,,0,70,,135,4,,,0,30,,161,4,,,0,70,,152,4,,,0,30,,145,4,,,0,70,,136,4,,,0,30,,162,4,,,0,70,,153,4,,,0,30,,146,4,,,0,70,,137,4,,,0,30,,163,4,,,0,70,,154,4,,,0,30,,147,4,,,0,70,,138,4,,,0,30,,164,4,,,0,70,,155,4,,,0,30,,148,4,,,0,70,,139,4,,,0,30,,165,4,,,0,70,,156,4,,,0,100,,140,4,,,0,100,,157,4,,,0,100,,141,4,,,0,88,,158,4,,,0
2100,'614',629,,822,8,,,0,729,,823,4,,,0,91,,824,4,,,0
1000001,'614',533,,921,4,,,0,20,,936,4,,,0,70,,924,4,,,0,29,,945,4,,,0,60,,937,4,,,0,20,,932,4,,,0,20,,922,4,,,0,60,,946,4,,,0,20,,938,4,,,0,70,,925,4,,,0,30,,933,4,,,0,70,,947,4,,,0,30,,939,4,,,0,70,,926,4,,,0,30,,934,4,,,0,70,,948,4,,,0,30,,940,4,,,0,70,,927,4,,,0,30,,935,4,,,0,70,,949,4,,,0,30,,941,4,,,0,70,,928,4,,,0,30,,955,4,,,0,70,,950,4,,,0,30,,942,4,,,0,70,,929,4,,,0,30,,956,4,,,0,70,,951,4,,,0,31,,943,4,,,0,70,,930,4,,,0,30,,957,4,,,0,70,,952,4,,,0,30,,944,4,0,5,0,70,,931,4,,,0,100,,953,4,,,0,100,,923,4,,,0,100,,954,4,,,0
1000001,'615',802,,964,4,,,0,100,,958,4,,,0,100,,965,4,,,0,100,,959,4,,,0,30,,968,4,,,0,70,,966,4,,,0,30,,971,4,,,0,70,,960,4,,,0,30,,969,4,,,0,70,,967,4,,,0,30,,972,4,,,0,70,,961,4,,,0,30,,970,4,,,0,71,,973,4,,,0,100,,962,4,,,0,100,,974,4,,,0,100,,963,4,,,0,100,,975,4,0,5,0
1000001,'616',612,,976,4,,,0,90,,993,4,,,0,30,,986,4,,,0,70,,977,4,,,0,31,,1002,4,,,0,70,,994,4,,,0,30,,987,4,,,0,70,,978,4,,,0,30,,1003,4,,,0,70,,995,4,,,0,30,,988,4,,,0,70,,979,4,,,0,30,,1004,4,,,0,70,,996,4,,,0,30,,989,4,,,0,70,,980,4,,,0,30,,1005,4,,,0,70,,997,4,,,0,30,,990,4,,,0,70,,981,4,,,0,30,,1006,4,,,0,70,,998,4,,,0,30,,991,4,,,0,70,,982,4,,,0,30,,1007,4,,,0,70,,999,4,,,0,30,,992,4,,,0,70,,983,4,,,0,30,,1008,4,,,0,70,,1000,4,,,0,100,,984,4,,,0,99,,1001,4,,,0,100,,985,4,,,0
3000400,'614',608,,1102,17,0,5,0,31,,1111,43,,,0,70,,1103,43,,,0,30,,1112,43,,,0,70,,1104,43,,,0,30,,1113,43,,,0,70,,1105,43,,,0,30,,1114,43,,,0,70,,1106,43,,,0,30,,1115,43,,,0,70,,1107,43,,,0,30,,1116,43,,,0,73,,1108,43,,,0,30,,1117,43,,,0,78,,1109,43,,,0,30,,1118,43,,,0,70,,1094,43,,,0,30,,1096,43,,,0,70,,1086,43,,,0,30,,1101,43,,,0,70,,1120,43,,,0,30,,1110,43,,,0,70,,1119,43,,,0,30,,1095,43,,,0,70,,1097,43,,,0,30,,1087,43,,,0,75,,1098,43,,,0,30,,1088,43,,,0,70,,1099,43,,,0,30,,1089,43,,,0,70,,1100,43,,,0,30,,1090,43,,,0,96,,1091,43,,,0,100,,1092,43,,,0,100,,1093,43,,,0
3000400,'615',840,,1121,43,,,0,100,,1122,43,,,0,100,,1123,43,,,0,100,,1124,43,,,0,100,,1125,43,,,0,100,,1126,43,,,0,100,,1127,43,,,0,100,,1128,43,,,0,100,,1129,43,,,0,100,,1130,43,,,0
3000400,'616',639,,1131,43,,,0,100,,1132,43,,,0,70,,1150,43,,,0,30,,1133,43,,,0,70,,1151,43,,,0,30,,1134,43,,,0,70,,1152,43,,,0,30,,1135,43,,,0,70,,1153,43,,,0,30,,1136,43,,,0,70,,1154,43,,,0,30,,1137,43,,,0,70,,1155,43,,,0,30,,1138,43,,,0,70,,1156,43,,,0,30,,1139,43,,,0,70,,1157,43,,,0,30,,1140,43,,,0,70,,1158,43,,,0,30,,1141,43,,,0,70,,1159,43,,,0,30,,1142,43,,,0,70,,1160,43,,,0,30,,1143,43,,,0,70,,1161,43,,,0,31,,1144,43,,,0,70,,1162,43,,,0,30,,1145,43,,,0,100,,1146,43,,,0,96,,1147,43,,,0,100,,1148,43,,,0,100,,1149,43,,,0
