301,'614',544,,93,2,,,0,72,,104,2,,,0,35,,81,2,,,0,70,,82,2,,,0,35,,85,2,,,0,75,,86,2,,,0,70,,94,2,,,0,30,,105,2,,,0,70,,98,2,,,0,30,,87,2,,,0,70,,95,2,,,0,30,,106,2,,,0,70,,99,2,,,0,30,,88,2,,,0,70,,96,2,,,0,30,,107,2,,,0,70,,100,2,,,0,30,,89,2,,,0,70,,97,2,,,0,30,,108,2,,,0,70,,101,2,,,0,30,,90,2,,,0,70,,113,2,,,0,30,,109,2,,,0,70,,102,2,,,0,30,,91,2,,,0,70,,114,2,,,0,30,,110,2,,,0,70,,103,2,,,0,30,,92,2,,,0,70,,115,2,,,0,30,,111,2,,,0,100,,83,2,,,0,100,,112,2,,,0,93,,84,2,,,0
301,'615',826,,116,2,,,0,100,,122,2,,,0,100,,117,2,,,0,30,,126,2,,,0,70,,123,2,,,0,30,,129,2,,,0,70,,118,2,,,0,30,,127,2,,,0,70,,124,2,,,0,30,,130,2,,,0,70,,119,2,,,0,30,,128,2,,,0,70,,125,2,,,0,100,,120,2,,,0,100,,131,2,,,0,100,,121,2,,,0,100,,132,2,,,0
301,'616',626,,149,2,,,0,30,,142,2,,,0,70,,133,2,,,0,30,,159,2,,,0,70,,150,2,,,0,30,,143,2,,,0,70,,134,2,,,0,30,,160,2,,,0,70,,151,2,,,0,30,,144,2,,,0,70,,135,2,,,0,30,,161,2,,,0,70,,152,2,,,0,30,,145,2,,,0,70,,136,2,,,0,30,,162,2,,,0,70,,153,2,,,0,30,,146,2,,,0,70,,137,2,,,0,30,,163,2,,,0,70,,154,2,,,0,30,,147,2,,,0,70,,138,2,,,0,30,,164,2,,,0,70,,155,2,,,0,30,,148,2,,,0,70,,139,2,,,0,30,,165,2,,,0,70,,156,2,,,0,100,,140,2,,,0,100,,157,2,,,0,100,,141,2,,,0,88,,158,2,,,0
2100,'614',620,,822,2,,,0,735,,823,2,,,0,91,,824,2,,,0
2101,'614',711,,826,2,0,12 9,0
1000001,'614',531,,921,2,,,0,20,,936,2,,,0,70,,924,2,,,0,30,,945,2,,,0,60,,937,2,,,0,20,,932,2,,,0,20,,922,2,,,0,60,,946,2,,,0,20,,938,2,,,0,70,,925,2,,,0,30,,933,2,,,0,70,,947,2,,,0,30,,939,2,,,0,70,,926,2,,,0,30,,934,2,,,0,70,,948,2,,,0,30,,940,2,,,0,70,,927,2,,,0,30,,935,2,,,0,70,,949,2,,,0,30,,941,2,,,0,70,,928,2,,,0,30,,955,2,,,0,70,,950,2,,,0,30,,942,2,,,0,70,,929,2,,,0,30,,956,2,,,0,70,,951,2,,,0,30,,943,2,,,0,70,,930,2,,,0,30,,957,2,,,0,70,,952,2,,,0,30,,944,2,0,5,0,70,,931,2,,,0,100,,953,2,,,0,100,,923,2,,,0,100,,954,2,,,0
1000001,'615',801,,964,2,,,0,100,,958,2,,,0,100,,965,2,,,0,100,,959,2,,,0,30,,968,2,,,0,70,,966,2,,,0,30,,971,2,,,0,70,,960,2,,,0,30,,969,2,,,0,70,,967,2,,,0,30,,972,2,,,0,70,,961,2,,,0,30,,970,2,,,0,70,,973,2,,,0,100,,962,2,,,0,100,,974,2,,,0,100,,963,2,,,0,100,,975,2,0,5,0
1000001,'616',611,,976,2,,,0,90,,993,2,,,0,30,,986,2,,,0,70,,977,2,,,0,30,,1002,2,,,0,70,,994,2,,,0,30,,987,2,,,0,70,,978,2,,,0,30,,1003,2,,,0,70,,995,2,,,0,30,,988,2,,,0,70,,979,2,,,0,30,,1004,2,,,0,70,,996,2,,,0,30,,989,2,,,0,70,,980,2,,,0,30,,1005,2,,,0,70,,997,2,,,0,30,,990,2,,,0,70,,981,2,,,0,30,,1006,2,,,0,70,,998,2,,,0,30,,991,2,,,0,70,,982,2,,,0,30,,1007,2,,,0,70,,999,2,,,0,30,,992,2,,,0,70,,983,2,,,0,30,,1008,2,,,0,70,,1000,2,,,0,100,,984,2,,,0,99,,1001,2,,,0,100,,985,2,,,0
1000401,'614',605,,1020,21,,,0,30,,1012,21,,,0,70,,1021,21,,,0,30,,1013,21,,,0,70,,1022,21,,,0,30,,1014,21,,,0,70,,1023,21,,,0,30,,1015,21,,,0,70,,1024,21,,,0,30,,1016,21,,,0,70,,1025,21,,,0,34,,1017,21,,,0,70,,1026,21,,,0,40,,1018,21,,,0,70,,1027,21,,,0,30,,1009,21,,,0,70,,1032,21,,,0,30,,1039,21,,,0,70,,1037,21,,,0,30,,1038,21,,,0,70,,1019,21,,,0,30,,1028,21,,,0,70,,1010,21,,,0,26,,1033,21,,,0,70,,1040,21,,,0,35,,1034,21,,,0,70,,1041,21,,,0,30,,1035,21,,,0,70,,1042,21,,,0,30,,1036,21,,,0,70,,1043,21,,,0,85,,1029,21,,,0,100,,1030,21,,,0,100,,1031,21,,,0
1000401,'615',850,,1044,21,,,0,100,,1045,21,,,0,100,,1046,21,,,0,100,,1047,21,,,0,100,,1048,21,,,0,100,,1049,21,,,0,100,,1050,21,,,0,100,,1051,21,,,0,100,,1052,21,,,0,100,,1053,21,,,0,100,,1054,21,,,0
1000401,'616',635,,1055,21,,,0,100,,1056,21,,,0,70,,1073,21,,,0,30,,1057,21,,,0,70,,1074,21,,,0,30,,1058,21,,,0,70,,1075,21,,,0,30,,1059,21,,,0,70,,1076,21,,,0,30,,1060,21,,,0,70,,1077,21,,,0,30,,1061,21,,,0,70,,1078,21,,,0,30,,1062,21,,,0,70,,1079,21,,,0,30,,1063,21,,,0,70,,1080,21,,,0,30,,1064,21,,,0,70,,1081,21,,,0,30,,1065,21,,,0,70,,1082,21,,,0,30,,1066,21,,,0,70,,1083,21,,,0,30,,1067,21,,,0,70,,1084,21,,,0,30,,1068,21,,,0,70,,1085,21,,,0,45,,1069,21,,,0,100,,1070,21,,,0,100,,1071,21,,,0,100,,1072,21,,,0
3000400,'614',606,,1102,15,0,5,0,31,,1111,41,,,0,70,,1103,41,,,0,30,,1112,41,,,0,70,,1104,41,,,0,30,,1113,41,,,0,70,,1105,41,,,0,30,,1114,41,,,0,70,,1106,41,,,0,30,,1115,41,,,0,70,,1107,41,,,0,30,,1116,41,,,0,73,,1108,41,,,0,30,,1117,41,,,0,79,,1109,41,,,0,30,,1118,41,,,0,70,,1094,41,,,0,30,,1096,41,,,0,70,,1086,41,,,0,30,,1101,41,,,0,70,,1120,41,,,0,30,,1110,41,,,0,70,,1119,41,,,0,30,,1095,41,,,0,70,,1097,41,,,0,29,,1087,41,,,0,75,,1098,41,,,0,30,,1088,41,,,0,70,,1099,41,,,0,30,,1089,41,,,0,70,,1100,41,,,0,30,,1090,41,,,0,97,,1091,41,,,0,100,,1092,41,,,0,100,,1093,41,,,0
3000400,'615',838,,1121,41,,,0,100,,1122,41,,,0,100,,1123,41,,,0,100,,1124,41,,,0,100,,1125,41,,,0,100,,1126,41,,,0,100,,1127,41,,,0,100,,1128,41,,,0,100,,1129,41,,,0,100,,1130,41,,,0
3000400,'616',637,,1131,41,,,0,100,,1132,41,,,0,70,,1150,41,,,0,30,,1133,41,,,0,70,,1151,41,,,0,30,,1134,41,,,0,70,,1152,41,,,0,30,,1135,41,,,0,70,,1153,41,,,0,30,,1136,41,,,0,70,,1154,41,,,0,30,,1137,41,,,0,70,,1155,41,,,0,30,,1138,41,,,0,70,,1156,41,,,0,30,,1139,41,,,0,70,,1157,41,,,0,30,,1140,41,,,0,70,,1158,41,,,0,30,,1141,41,,,0,70,,1159,41,,,0,30,,1142,41,,,0,70,,1160,41,,,0,30,,1143,41,,,0,70,,1161,41,,,0,31,,1144,41,,,0,70,,1162,41,,,0,30,,1145,41,,,0,100,,1146,41,,,0,97,,1147,41,,,0,100,,1148,41,,,0,100,,1149,41,,,0
