100,84807,1,0,0
100,84808,2,0,0
100,84809,3,0,0
100,84810,4,0,0
100,84811,5,0,0
100,84812,6,0,0
100,84813,7,0,0
100,84814,8,0,0
100,84815,9,0,0
100,84816,10,0,0
100,84817,11,0,0
100,84818,12,0,0
100,84819,13,0,0
100,84820,14,0,0
100,84821,15,0,0
100,84822,16,0,0
100,84823,17,0,0
100,84824,18,0,0
100,84825,19,0,0
100,84826,20,0,0
100,84827,21,0,0
100,84828,22,0,0
100,84829,23,0,0
100,84830,24,0,0
100,84831,25,0,0
100,84832,26,0,0
100,84614,27,1,1
301,84970,1,0,0
301,84520,2,0,0
301,84521,3,0,0
301,84522,4,0,0
301,89069,5,0,0
301,89070,6,0,0
301,89071,7,0,0
301,89072,8,0,0
301,84543,9,0,0
301,84544,10,0,0
301,84545,11,0,0
301,84546,12,0,0
301,84547,13,0,0
301,84548,14,0,0
301,84549,15,0,0
301,84550,16,0,0
301,84551,17,0,0
301,84552,18,0,0
301,84553,19,0,0
301,84554,20,0,0
301,84555,21,0,0
301,84556,22,0,0
301,84557,23,0,0
301,84558,24,0,0
301,84559,25,0,0
301,84560,26,0,0
301,84561,27,0,0
301,84562,28,0,0
301,84563,29,0,0
301,84564,30,0,0
301,84565,31,0,0
301,84566,32,0,0
500,86551,1,0,0
500,84808,2,0,0
500,84809,3,0,0
500,84810,4,0,0
500,84848,5,0,0
500,84842,6,0,0
500,84843,7,0,0
500,84844,8,0,0
500,84845,9,0,0
500,84846,10,0,0
500,84847,11,0,0
500,84849,12,0,0
500,84850,13,0,0
500,84851,14,0,0
500,84852,15,0,0
500,84537,16,0,0
500,84853,17,0,0
500,84854,18,0,0
500,84833,19,1,1
501,84833,1,0,0
501,84834,2,0,0
501,84835,3,0,0
501,84502,4,0,0
501,84836,5,0,0
501,84837,6,0,0
501,84838,7,0,0
501,84839,8,0,0
501,84840,9,0,0
501,84841,10,0,0
501,84842,11,0,0
501,84843,12,0,0
501,84844,13,0,0
501,84845,14,0,0
501,84846,15,0,0
501,84847,16,0,0
501,84832,17,0,0
501,84614,18,0,0
501,84807,19,1,1
501,84713,20,1,1
501,86551,21,1,1
700,84855,1,0,0
700,84856,2,0,0
700,84857,3,0,0
700,84858,4,0,0
700,84859,5,0,0
700,84860,6,0,0
700,84861,7,0,0
700,84862,8,0,0
700,84863,9,0,0
700,84864,10,0,0
700,84865,11,0,0
700,84866,12,0,0
700,84867,13,0,0
700,84868,14,0,0
700,84869,15,0,0
700,84870,16,0,0
700,84871,17,0,0
700,84872,18,0,0
700,84873,19,0,0
700,84874,20,0,0
700,84875,21,0,0
700,84876,22,0,0
700,84877,23,0,0
700,84878,24,0,0
700,84879,25,0,0
700,84880,26,0,0
700,84881,27,0,0
700,84882,28,0,0
700,84883,29,0,0
700,84884,30,0,0
700,84885,31,0,0
700,84886,32,0,0
700,84887,33,0,0
700,84807,34,1,1
700,84713,35,1,1
800,84596,1,0,0
800,84657,2,0,0
800,84658,3,0,0
800,84659,4,0,0
800,84660,5,0,0
800,84661,6,0,0
800,84662,7,0,0
800,84663,8,0,0
800,84664,9,0,0
800,84665,10,0,0
800,84666,11,0,0
800,84667,12,0,0
800,84668,13,0,0
800,84669,14,0,0
800,84670,15,0,0
800,84671,16,0,0
800,84672,17,0,0
800,84673,18,0,0
800,84674,19,0,0
800,84675,20,0,0
800,84676,21,0,0
800,84677,22,0,0
800,84678,23,0,0
800,84679,24,0,0
800,84680,25,0,0
800,84681,26,0,0
800,84682,27,0,0
800,84683,28,0,0
800,84684,29,0,0
800,84685,30,0,0
800,84686,31,0,0
800,84641,32,1,1
801,84641,1,0,0
801,84687,2,0,0
801,84688,3,0,0
801,84689,4,0,0
801,84690,5,0,0
801,84691,6,0,0
801,84692,7,0,0
801,84693,8,0,0
801,84694,9,0,0
801,84695,10,0,0
801,84696,11,0,0
801,84697,12,0,0
801,84698,13,0,0
801,84699,14,0,0
801,84700,15,0,0
801,84651,16,0,0
801,84701,17,0,0
801,84702,18,0,0
801,84703,19,0,0
801,84704,20,0,0
801,84705,21,0,0
801,84706,22,0,0
801,84707,23,0,0
801,84708,24,0,0
801,84709,25,0,0
801,84710,26,0,0
801,84711,27,0,0
801,84712,28,0,0
801,84507,29,0,0
801,84596,30,1,1
801,84780,31,1,1
900,84761,1,0,0
900,84762,2,0,0
900,84742,3,0,0
900,84743,4,0,0
900,84744,5,0,0
900,84745,6,0,0
900,84746,7,0,0
900,84747,8,0,0
900,84748,9,0,0
900,84749,10,0,0
900,84726,11,0,0
900,84727,12,0,0
900,84728,13,0,0
900,84750,14,0,0
900,84751,15,0,0
900,84752,16,0,0
900,84753,17,0,0
900,84754,18,0,0
900,84755,19,0,0
900,84756,20,0,0
900,84757,21,0,0
900,84758,22,0,0
900,84759,23,0,0
900,84760,24,0,0
900,84807,25,1,1
900,84713,26,1,1
900,86551,27,1,1
901,84713,1,0,0
901,84808,2,0,0
901,84809,3,0,0
901,84810,4,0,0
901,84715,5,0,0
901,84716,6,0,0
901,84717,7,0,0
901,84718,8,0,0
901,84719,9,0,0
901,84720,10,0,0
901,84721,11,0,0
901,84722,12,0,0
901,84723,13,0,0
901,84724,14,0,0
901,84725,15,0,0
901,84726,16,0,0
901,84727,17,0,0
901,84728,18,0,0
901,84729,19,0,0
901,84730,20,0,0
901,84731,21,0,0
901,84732,22,0,0
901,84733,23,0,0
901,84734,24,0,0
901,84735,25,0,0
901,84736,26,0,0
901,84737,27,0,0
901,84738,28,0,0
901,84519,29,0,0
901,84739,30,0,0
901,84740,31,0,0
901,84741,32,0,0
901,84761,33,1,1
901,84742,34,1,1
1400,84713,1,0,0
1400,84856,2,0,0
1400,84714,3,0,0
1400,84715,4,0,0
1400,84716,5,0,0
1400,84717,6,0,0
1400,84718,7,0,0
1400,84719,8,0,0
1400,84720,9,0,0
1400,84721,10,0,0
1400,84722,11,0,0
1400,84723,12,0,0
1400,84724,13,0,0
1400,84725,14,0,0
1400,84726,15,0,0
1400,84727,16,0,0
1400,84728,17,0,0
1400,84729,18,0,0
1400,84730,19,0,0
1400,84731,20,0,0
1400,84732,21,0,0
1400,84733,22,0,0
1400,84734,23,0,0
1400,84735,24,0,0
1400,84736,25,0,0
1400,84737,26,0,0
1400,84738,27,0,0
1400,84519,28,0,0
1400,84739,29,0,0
1400,84740,30,0,0
1400,84741,31,0,0
1400,84742,32,0,0
1400,84743,33,0,0
1400,84744,34,0,0
1400,84745,35,0,0
1400,84746,36,0,0
1400,84871,37,0,0
1400,84872,38,0,0
1400,84873,39,0,0
1400,84874,40,0,0
1400,84875,41,0,0
1400,84876,42,0,0
1400,84877,43,0,0
1400,84878,44,0,0
1400,84879,45,0,0
1400,84892,46,0,0
1400,84755,47,0,0
1400,84756,48,0,0
1400,84893,49,0,0
1400,84882,50,0,0
1400,84883,51,0,0
1400,84884,52,0,0
1400,84885,53,0,0
1400,84886,54,0,0
1400,84887,55,0,0
2000,84496,1,0,0
2000,84606,2,0,0
2000,84607,3,0,0
2000,84608,4,0,0
2000,84609,5,0,0
2000,84610,6,0,0
2000,84611,7,0,0
2000,84612,8,0,0
2000,84613,9,0,0
2000,86280,10,0,0
2000,84614,11,0,0
2000,84567,12,0,0
2000,84568,13,0,0
2000,84569,14,0,0
2000,84570,15,0,0
2000,84571,16,0,0
2000,84572,17,0,0
2000,84573,18,0,0
2000,84574,19,0,0
2000,84575,20,0,0
2000,84576,21,0,0
2000,84577,22,0,0
2000,84578,23,1,1
2001,84578,1,0,0
2001,84579,2,0,0
2001,84580,3,0,0
2001,84581,4,0,0
2001,84582,5,0,0
2001,84583,6,0,0
2001,84584,7,0,0
2001,84585,8,0,0
2001,84586,9,0,0
2001,84587,10,0,0
2001,84588,11,0,0
2001,84589,12,0,0
2001,84590,13,0,0
2001,84591,14,0,0
2001,84592,15,0,0
2001,84593,16,0,0
2001,84594,17,0,0
2001,84595,18,0,0
2001,84596,19,0,0
2001,84597,20,0,0
2001,84598,21,0,0
2001,84599,22,0,0
2001,84600,23,0,0
2001,84601,24,0,0
2001,84602,25,0,0
2001,84603,26,0,0
2001,84604,27,0,0
2001,84605,28,0,0
2001,86270,29,0,0
2001,84496,30,1,1
2100,84970,1,0,0
2100,84520,2,0,0
2100,84521,3,0,0
2100,84888,4,0,0
2100,84889,5,0,0
2100,84890,6,0,0
2100,84891,7,0,0
2100,84522,8,0,0
2100,84771,9,0,0
2100,84772,10,0,0
2100,84773,11,0,0
2100,86525,12,0,0
2100,86526,13,0,0
2100,84676,14,0,0
2100,84577,15,0,0
2100,84578,16,1,1
2101,84578,1,0,0
2101,84583,2,0,0
2101,84584,3,0,0
2101,84585,4,0,0
2101,84586,5,0,0
2101,84696,6,0,0
2101,86527,7,0,0
2101,86528,8,0,0
2101,84624,9,0,0
2101,84625,10,0,0
2101,84564,11,0,0
2101,84565,12,0,0
2101,84566,13,0,0
2101,84970,14,0,0
2101,84520,15,0,0
2101,84521,16,0,0
2101,84888,17,0,0
2101,84889,18,0,0
2101,84890,19,0,0
2101,84891,20,0,0
1000000,84496,1,0,0
1000000,84497,2,0,0
1000000,84498,3,0,0
1000000,84499,4,0,0
1000000,84500,5,0,0
1000000,84501,6,0,0
1000000,84502,7,0,0
1000000,84503,8,0,0
1000000,84504,9,0,0
1000000,84505,10,0,0
1000000,84506,11,0,0
1000000,84507,12,0,0
1000000,84508,13,0,0
1000000,84509,14,0,0
1000000,84510,15,0,0
1000000,84511,16,0,0
1000000,84512,17,0,0
1000000,84513,18,0,0
1000000,84514,19,0,0
1000000,84515,20,0,0
1000000,84516,21,0,0
1000000,84517,22,0,0
1000000,84518,23,0,0
1000000,84738,24,0,0
1000000,84970,25,1,1
1000000,84713,26,1,1
1000001,84970,1,0,0
1000001,84520,2,0,0
1000001,84521,3,0,0
1000001,84522,4,0,0
1000001,84523,5,0,0
1000001,84524,6,0,0
1000001,84525,7,0,0
1000001,84526,8,0,0
1000001,84527,9,0,0
1000001,84528,10,0,0
1000001,84529,11,0,0
1000001,84530,12,0,0
1000001,84531,13,0,0
1000001,84532,14,0,0
1000001,84533,15,0,0
1000001,84534,16,0,0
1000001,84535,17,0,0
1000001,84536,18,0,0
1000001,84537,19,0,0
1000001,84538,20,0,0
1000001,84539,21,0,0
1000001,84540,22,0,0
1000001,84541,23,0,0
1000001,84542,24,0,0
1000001,84496,25,1,1
1000401,84780,1,0,0
1000401,84568,2,0,0
1000401,84569,3,0,0
1000401,84570,4,0,0
1000401,84571,5,0,0
1000401,84572,6,0,0
1000401,84616,7,0,0
1000401,84617,8,0,0
1000401,84618,9,0,0
1000401,84619,10,0,0
1000401,84620,11,0,0
1000401,84621,12,0,0
1000401,84622,13,0,0
1000401,84623,14,0,0
1000401,84624,15,0,0
1000401,84625,16,0,0
1000401,84564,17,0,0
1000401,84565,18,0,0
1000401,84566,19,0,0
1000401,84519,20,0,0
1000401,84520,21,0,0
1000401,84521,22,0,0
1000401,84626,23,0,0
1000401,84627,24,0,0
1000401,84628,25,0,0
1000401,84629,26,0,0
1000401,84630,27,0,0
1000401,84550,28,0,0
1000401,84551,29,0,0
1000401,84552,30,0,0
1000401,84553,31,0,0
1000401,84631,32,0,0
1000401,84632,33,0,0
1000401,84633,34,0,0
1000401,84634,35,0,0
1000401,84635,36,0,0
1000401,84636,37,0,0
1000401,84637,38,0,0
1000401,84638,39,0,0
1000401,84639,40,0,0
1000401,84640,41,0,0
1000401,84641,42,0,0
1000401,84642,43,0,0
1000401,84643,44,0,0
1000401,84644,45,0,0
1000401,84645,46,0,0
1000401,84646,47,0,0
1000401,84647,48,0,0
1000401,84648,49,0,0
1000401,84649,50,0,0
1000401,84650,51,0,0
1000401,84651,52,0,0
1000401,84652,53,0,0
1000401,84653,54,0,0
1000401,84654,55,0,0
1000401,84655,56,0,0
1000401,84656,57,0,0
1000401,84615,58,1,1
3000400,84615,1,0,0
3000400,84781,2,0,0
3000400,84782,3,0,0
3000400,84783,4,0,0
3000400,84784,5,0,0
3000400,84785,6,0,0
3000400,84671,7,0,0
3000400,84786,8,0,0
3000400,84787,9,0,0
3000400,84788,10,0,0
3000400,84789,11,0,0
3000400,84790,12,0,0
3000400,84791,13,0,0
3000400,84792,14,0,0
3000400,84793,15,0,0
3000400,84794,16,0,0
3000400,84795,17,0,0
3000400,84796,18,0,0
3000400,84797,19,0,0
3000400,84798,20,0,0
3000400,84799,21,0,0
3000400,84800,22,0,0
3000400,84801,23,0,0
3000400,84802,24,0,0
3000400,84803,25,0,0
3000400,84804,26,0,0
3000400,84805,27,0,0
3000400,84806,28,0,0
3000400,84543,29,0,0
3000400,84544,30,0,0
3000400,84763,31,0,0
3000400,84764,32,0,0
3000400,84765,33,0,0
3000400,84766,34,0,0
3000400,84767,35,0,0
3000400,84768,36,0,0
3000400,84769,37,0,0
3000400,84770,38,0,0
3000400,84566,39,0,0
3000400,84519,40,0,0
3000400,84520,41,0,0
3000400,84521,42,0,0
3000400,84522,43,0,0
3000400,84771,44,0,0
3000400,84772,45,0,0
3000400,84773,46,0,0
3000400,84774,47,0,0
3000400,84775,48,0,0
3000400,84776,49,0,0
3000400,84777,50,0,0
3000400,84778,51,0,0
3000400,84779,52,0,0
3000400,84591,53,0,0
3000400,84592,54,0,0
3000400,84593,55,0,0
3000400,84594,56,0,0
3000400,84595,57,0,0
3000400,84780,58,1,1
3000400,84596,59,1,1
