301,'614',543,,93,1,,,0,67,,93,29,4,,0,5,,104,1,,,0,27,,104,30,4,,0,8,,81,1,,,0,67,,81,29,4,,0,3,,82,1,,,0,27,,82,30,4,,0,8,,85,1,,,0,67,,85,29,4,,0,8,,86,1,,,0,27,,86,30,4,,0,43,,94,1,,,0,27,,94,30,4,,0,3,,105,1,,,0,27,,105,30,4,,0,43,,98,1,,,0,27,,98,30,4,,0,3,,87,1,,,0,27,,87,30,4,,0,43,,95,1,,,0,27,,95,30,4,,0,3,,106,1,,,0,27,,106,30,4,,0,43,,99,1,,,0,27,,99,30,4,,0,3,,88,1,,,0,27,,88,30,4,,0,43,,96,1,,,0,27,,96,30,4,,0,3,,107,1,,,0,27,,107,30,4,,0,43,,100,1,,,0,27,,100,30,4,,0,3,,89,1,,,0,27,,89,30,4,,0,43,,97,1,,,0,27,,97,29,4,,0,3,,108,1,,,0,27,,108,30,4,,0,43,,101,1,,,0,27,,101,30,4,,0,3,,90,1,,,0,27,,90,30,4,,0,43,,113,1,,,0,27,,113,30,4,,0,3,,109,1,,,0,27,,109,30,4,,0,43,,102,1,,,0,27,,102,30,4,,0,3,,91,1,,,0,27,,91,30,4,,0,43,,114,1,,,0,27,,114,30,4,,0,3,,110,1,,,0,27,,110,30,4,,0,43,,103,1,,,0,27,,103,30,4,,0,3,,92,1,,,0,27,,92,30,4,,0,43,,115,1,,,0,27,,115,29,4,,0,3,,111,1,,,0,27,,111,30,4,,0,73,,83,1,,,0,27,,83,30,4,,0,73,,112,1,,,0,27,,112,30,4,,0,66,,84,1,,,0,27,,84,29,4,,0
301,'615',825,,116,1,,,0,29,,116,34,4,,0,71,,122,1,,,0,29,,122,34,4,,0,71,,117,1,,,0,29,,117,34,4,,0,1,,126,1,,,0,69,,126,34,4,,0,1,,123,1,,,0,29,,123,34,4,,0,1,,129,1,,,0,69,,129,34,4,,0,1,,118,1,,,0,29,,118,34,4,,0,1,,127,1,,,0,69,,127,34,4,,0,1,,124,1,,,0,29,,124,34,4,,0,1,,130,1,,,0,69,,130,34,4,,0,1,,119,1,,,0,29,,119,34,4,,0,1,,128,1,,,0,69,,128,34,4,,0,1,,125,1,,,0,31,,125,34,4,,0,69,,120,1,,,0,31,,120,34,4,,0,69,,131,1,,,0,31,,131,34,4,,0,69,,121,1,,,0,31,,121,34,4,,0,69,,132,1,,,0,31,,132,34,4,,0
301,'616',625,,149,1,,,0,30,,149,34,4,,0,70,,133,1,,,0,30,,159,1,,,0,70,,150,1,,,0,30,,150,34,4,,0,70,,134,1,,,0,30,,160,1,,,0,70,,160,34,4,,0,30,,151,34,4,,0,70,,135,1,,,0,30,,161,1,,,0,3,,135,34,4,,0,67,,152,1,,,0,3,,161,34,4,,0,27,,145,1,,,0,3,,152,34,4,,0,67,,136,1,,,0,3,,145,34,4,,0,27,,162,1,,,0,3,,136,34,4,,0,67,,153,1,,,0,3,,162,34,4,,0,27,,146,1,,,0,3,,153,34,4,,0,67,,137,1,,,0,3,,146,34,4,,0,27,,163,1,,,0,3,,137,34,4,,0,67,,154,1,,,0,3,,163,34,4,,0,27,,147,1,,,0,3,,154,34,4,,0,67,,138,1,,,0,3,,147,34,4,,0,27,,164,1,,,0,3,,138,34,4,,0,67,,155,1,,,0,3,,164,34,4,,0,27,,148,1,,,0,3,,155,34,4,,0,67,,139,1,,,0,1,,148,34,4,,0,29,,165,1,,,0,1,,139,34,4,,0,69,,156,1,,,0,1,,165,34,4,,0,30,,156,34,4,,0,69,,140,1,,,0,31,,140,34,4,,0,69,,157,1,,,0,31,,157,34,4,,0,69,,141,1,,,0,31,,141,34,4,,0,57,,158,1,,,0,31,,158,33,4,,0
2100,'614',619,,822,1,,,0,735,,823,1,,,0,91,,824,1,,,0
2101,'614',705,,825,14,4,,0,5,,826,1,0,12 9,0,10,,826,8,4,,0,715,,827,14,4,,0,91,,828,14,4,,0
1000000,'614',615,,833,25,4,,0,29,,829,26,4,,0,66,,845,25,4,,0,30,,834,26,4,,0,70,,853,25,4,,0,20,,846,25,4,,0,25,,841,26,4,,0,74,,854,25,4,,0,24,,847,26,4,,0,70,,835,25,4,,0,30,,842,26,4,,0,70,,855,25,4,,0,30,,848,26,4,,0,70,,836,25,4,,0,30,,843,26,4,,0,70,,856,25,4,,0,30,,849,26,4,,0,71,,837,25,4,,0,30,,844,26,4,,0,70,,857,25,4,,0,30,,850,26,4,,0,70,,838,25,4,,0,30,,863,26,4,,0,67,,858,25,4,,0,30,,851,26,4,,0,70,,839,25,4,,0,30,,864,26,4,,0,70,,859,25,4,,0,30,,852,26,4,,0,70,,840,25,4,,0,30,,865,25,4,,0,74,,860,26,4,,0,97,,831,26,4,,0,100,,861,26,4,,0,100,,832,26,4,,0
1000000,'615',823,,866,26,4,,0,96,,873,26,4,,0,100,,867,26,4,,0,34,,877,14,4,,0,71,,874,26,4,,0,29,,881,14,4,,0,71,,868,26,4,,0,30,,878,26,4,,0,70,,875,26,4,,0,30,,882,26,4,,0,70,,869,26,4,,0,30,,879,26,4,,0,70,,876,26,4,,0,28,,883,25,4,,0,70,,870,26,4,,0,30,,880,25,4,,0,70,,884,26,4,,0,100,,871,26,4,,0,100,,885,26,4,,0,100,,872,25,4,,0
1000000,'616',652,,896,26,4,,0,70,,886,26,4,,0,30,,913,14,4,,0,71,,904,26,4,,0,30,,897,26,4,,0,70,,887,26,4,,0,30,,914,26,4,,0,70,,905,26,4,,0,30,,898,26,4,,0,70,,888,26,4,,0,30,,915,26,4,,0,70,,906,26,4,,0,30,,899,26,4,,0,70,,889,26,4,,0,30,,916,26,4,,0,70,,907,26,4,,0,30,,900,26,4,,0,70,,890,26,4,,0,30,,917,26,4,,0,70,,908,26,4,,0,30,,901,26,4,,0,70,,891,26,4,,0,28,,918,26,4,,0,70,,909,26,4,,0,30,,902,26,4,,0,70,,892,26,4,,0,30,,919,26,4,,0,70,,910,26,4,,0,30,,903,25,4,,0,70,,893,26,4,,0,94,,911,26,4,,0,100,,894,26,4,,0,97,,912,26,4,,0
1000001,'614',530,,921,1,,,0,20,,936,1,,,0,70,,924,1,,,0,30,,945,1,,,0,60,,937,1,,,0,20,,932,1,,,0,20,,922,1,,,0,60,,946,1,,,0,20,,938,1,,,0,70,,925,1,,,0,30,,933,1,,,0,70,,947,1,,,0,30,,939,1,,,0,70,,926,1,,,0,30,,934,1,,,0,70,,948,1,,,0,30,,940,1,,,0,70,,927,1,,,0,30,,935,1,,,0,70,,949,1,,,0,30,,941,1,,,0,70,,928,1,,,0,30,,955,1,,,0,70,,950,1,,,0,30,,942,1,,,0,70,,929,1,,,0,30,,956,1,,,0,70,,951,1,,,0,30,,943,1,,,0,70,,930,1,,,0,30,,957,1,,,0,70,,952,1,,,0,30,,944,1,0,5,0,70,,931,1,,,0,100,,953,1,,,0,100,,923,1,,,0,100,,954,1,,,0
1000001,'615',800,,964,1,,,0,100,,958,1,,,0,100,,965,1,,,0,100,,959,1,,,0,30,,968,1,,,0,70,,966,1,,,0,30,,971,1,,,0,70,,960,1,,,0,30,,969,1,,,0,70,,967,1,,,0,30,,972,1,,,0,70,,961,1,,,0,30,,970,1,,,0,70,,973,1,,,0,100,,962,1,,,0,100,,974,1,,,0,100,,963,1,,,0,100,,975,1,0,5,0
1000001,'616',610,,976,1,,,0,90,,993,1,,,0,30,,986,1,,,0,70,,977,1,,,0,30,,1002,1,,,0,70,,994,1,,,0,30,,987,1,,,0,70,,978,1,,,0,30,,1003,1,,,0,70,,995,1,,,0,30,,988,1,,,0,70,,979,1,,,0,30,,1004,1,,,0,70,,996,1,,,0,30,,989,1,,,0,70,,980,1,,,0,30,,1005,1,,,0,70,,997,1,,,0,30,,990,1,,,0,70,,981,1,,,0,30,,1006,1,,,0,70,,998,1,,,0,30,,991,1,,,0,70,,982,1,,,0,30,,1007,1,,,0,70,,999,1,,,0,30,,992,1,,,0,70,,983,1,,,0,30,,1008,1,,,0,70,,1000,1,,,0,100,,984,1,,,0,100,,1001,1,,,0,100,,985,1,,,0
