301,'614',545,,93,3,,,0,72,,104,3,,,0,35,,81,3,,,0,70,,82,3,,,0,35,,85,3,,,0,75,,86,3,,,0,70,,94,3,,,0,30,,105,3,,,0,70,,98,3,,,0,30,,87,3,,,0,70,,95,3,,,0,30,,106,3,,,0,70,,99,3,,,0,30,,88,3,,,0,70,,96,3,,,0,30,,107,3,,,0,70,,100,3,,,0,30,,89,3,,,0,70,,97,3,,,0,30,,108,3,,,0,70,,101,3,,,0,30,,90,3,,,0,70,,113,3,,,0,30,,109,3,,,0,70,,102,3,,,0,30,,91,3,,,0,70,,114,3,,,0,30,,110,3,,,0,70,,103,3,,,0,30,,92,3,,,0,70,,115,3,,,0,30,,111,3,,,0,100,,83,3,,,0,100,,112,3,,,0,93,,84,3,,,0
301,'615',827,,116,3,,,0,100,,122,3,,,0,100,,117,3,,,0,30,,126,3,,,0,70,,123,3,,,0,30,,129,3,,,0,70,,118,3,,,0,30,,127,3,,,0,70,,124,3,,,0,30,,130,3,,,0,70,,119,3,,,0,30,,128,3,,,0,70,,125,3,,,0,100,,120,3,,,0,100,,131,3,,,0,100,,121,3,,,0,100,,132,3,,,0
301,'616',627,,149,3,,,0,30,,142,3,,,0,70,,133,3,,,0,30,,159,3,,,0,70,,150,3,,,0,30,,143,3,,,0,70,,134,3,,,0,30,,160,3,,,0,70,,151,3,,,0,30,,144,3,,,0,70,,135,3,,,0,30,,161,3,,,0,70,,152,3,,,0,30,,145,3,,,0,70,,136,3,,,0,30,,162,3,,,0,70,,153,3,,,0,30,,146,3,,,0,70,,137,3,,,0,30,,163,3,,,0,70,,154,3,,,0,30,,147,3,,,0,70,,138,3,,,0,30,,164,3,,,0,70,,155,3,,,0,30,,148,3,,,0,70,,139,3,,,0,30,,165,3,,,0,70,,156,3,,,0,100,,140,3,,,0,100,,157,3,,,0,100,,141,3,,,0,88,,158,3,,,0
2100,'614',621,,822,3,,,0,735,,823,3,,,0,91,,824,3,,,0
2101,'614',712,,826,3,0,12 9,0
1000001,'614',531,,921,3,,,0,20,,936,3,,,0,70,,924,3,,,0,30,,945,3,,,0,60,,937,3,,,0,20,,932,3,,,0,20,,922,3,,,0,60,,946,3,,,0,20,,938,3,,,0,70,,925,3,,,0,30,,933,3,,,0,70,,947,3,,,0,30,,939,3,,,0,70,,926,3,,,0,30,,934,3,,,0,70,,948,3,,,0,30,,940,3,,,0,70,,927,3,,,0,30,,935,3,,,0,70,,949,3,,,0,30,,941,3,,,0,70,,928,3,,,0,30,,955,3,,,0,70,,950,3,,,0,30,,942,3,,,0,70,,929,3,,,0,30,,956,3,,,0,70,,951,3,,,0,30,,943,3,,,0,70,,930,3,,,0,30,,957,3,,,0,70,,952,3,,,0,30,,944,3,0,5,0,70,,931,3,,,0,100,,953,3,,,0,100,,923,3,,,0,100,,954,3,,,0
1000001,'615',801,,964,3,,,0,100,,958,3,,,0,100,,965,3,,,0,100,,959,3,,,0,30,,968,3,,,0,70,,966,3,,,0,30,,971,3,,,0,70,,960,3,,,0,30,,969,3,,,0,70,,967,3,,,0,30,,972,3,,,0,70,,961,3,,,0,30,,970,3,,,0,70,,973,3,,,0,100,,962,3,,,0,100,,974,3,,,0,100,,963,3,,,0,100,,975,3,0,5,0
1000001,'616',611,,976,3,,,0,90,,993,3,,,0,30,,986,3,,,0,70,,977,3,,,0,30,,1002,3,,,0,70,,994,3,,,0,30,,987,3,,,0,70,,978,3,,,0,30,,1003,3,,,0,70,,995,3,,,0,30,,988,3,,,0,70,,979,3,,,0,30,,1004,3,,,0,70,,996,3,,,0,30,,989,3,,,0,70,,980,3,,,0,30,,1005,3,,,0,70,,997,3,,,0,30,,990,3,,,0,70,,981,3,,,0,30,,1006,3,,,0,70,,998,3,,,0,30,,991,3,,,0,70,,982,3,,,0,30,,1007,3,,,0,70,,999,3,,,0,30,,992,3,,,0,70,,983,3,,,0,30,,1008,3,,,0,70,,1000,3,,,0,100,,984,3,,,0,100,,1001,3,,,0,100,,985,3,,,0
1000401,'614',606,,1020,22,,,0,30,,1012,22,,,0,70,,1021,22,,,0,30,,1013,22,,,0,70,,1022,22,,,0,30,,1014,22,,,0,70,,1023,22,,,0,30,,1015,22,,,0,70,,1024,22,,,0,30,,1016,22,,,0,70,,1025,22,,,0,33,,1017,22,,,0,70,,1026,22,,,0,40,,1018,22,,,0,70,,1027,22,,,0,30,,1009,22,,,0,70,,1032,22,,,0,30,,1039,22,,,0,70,,1037,22,,,0,30,,1038,22,,,0,70,,1019,22,,,0,30,,1028,22,,,0,70,,1010,22,,,0,26,,1033,22,,,0,70,,1040,22,,,0,36,,1034,22,,,0,70,,1041,22,,,0,30,,1035,22,,,0,70,,1042,22,,,0,30,,1036,22,,,0,70,,1043,22,,,0,84,,1029,22,,,0,100,,1030,22,,,0,100,,1031,22,,,0
1000401,'615',851,,1044,22,,,0,100,,1045,22,,,0,100,,1046,22,,,0,100,,1047,22,,,0,100,,1048,22,,,0,100,,1049,22,,,0,100,,1050,22,,,0,100,,1051,22,,,0,100,,1052,22,,,0,100,,1053,22,,,0,100,,1054,22,,,0
1000401,'616',636,,1055,22,,,0,100,,1056,22,,,0,70,,1073,22,,,0,30,,1057,22,,,0,70,,1074,22,,,0,30,,1058,22,,,0,70,,1075,22,,,0,30,,1059,22,,,0,70,,1076,22,,,0,30,,1060,22,,,0,70,,1077,22,,,0,30,,1061,22,,,0,70,,1078,22,,,0,30,,1062,22,,,0,70,,1079,22,,,0,30,,1063,22,,,0,70,,1080,22,,,0,30,,1064,22,,,0,70,,1081,22,,,0,30,,1065,22,,,0,70,,1082,22,,,0,30,,1066,22,,,0,70,,1083,22,,,0,30,,1067,22,,,0,70,,1084,22,,,0,30,,1068,22,,,0,70,,1085,22,,,0,45,,1069,22,,,0,99,,1070,22,,,0,100,,1071,22,,,0,100,,1072,22,,,0
3000400,'614',607,,1102,16,0,5,0,30,,1111,42,,,0,70,,1103,42,,,0,30,,1112,42,,,0,70,,1104,42,,,0,30,,1113,42,,,0,70,,1105,42,,,0,30,,1114,42,,,0,70,,1106,42,,,0,30,,1115,42,,,0,70,,1107,42,,,0,30,,1116,42,,,0,74,,1108,42,,,0,30,,1117,42,,,0,78,,1109,42,,,0,30,,1118,42,,,0,70,,1094,42,,,0,30,,1096,42,,,0,70,,1086,42,,,0,30,,1101,42,,,0,70,,1120,42,,,0,30,,1110,42,,,0,70,,1119,42,,,0,30,,1095,42,,,0,70,,1097,42,,,0,29,,1087,42,,,0,75,,1098,42,,,0,30,,1088,42,,,0,70,,1099,42,,,0,30,,1089,42,,,0,70,,1100,42,,,0,30,,1090,42,,,0,97,,1091,42,,,0,100,,1092,42,,,0,100,,1093,42,,,0
3000400,'615',838,,1121,42,,,0,100,,1122,42,,,0,100,,1123,42,,,0,100,,1124,42,,,0,100,,1125,42,,,0,100,,1126,42,,,0,100,,1127,42,,,0,100,,1128,42,,,0,100,,1129,42,,,0,100,,1130,42,,,0
3000400,'616',637,,1131,42,,,0,100,,1132,42,,,0,70,,1150,42,,,0,30,,1133,42,,,0,70,,1151,42,,,0,30,,1134,42,,,0,70,,1152,42,,,0,30,,1135,42,,,0,70,,1153,42,,,0,30,,1136,42,,,0,70,,1154,42,,,0,30,,1137,42,,,0,70,,1155,42,,,0,30,,1138,42,,,0,70,,1156,42,,,0,30,,1139,42,,,0,70,,1157,42,,,0,30,,1140,42,,,0,70,,1158,42,,,0,30,,1141,42,,,0,70,,1159,42,,,0,30,,1142,42,,,0,70,,1160,42,,,0,30,,1143,42,,,0,70,,1161,42,,,0,31,,1144,42,,,0,70,,1162,42,,,0,30,,1145,42,,,0,100,,1146,42,,,0,97,,1147,42,,,0,100,,1148,42,,,0,100,,1149,42,,,0
