800,'614',545,,343,1,,,0,70,,333,1,,,0,30,,344,1,,,0,70,,334,1,,,0,30,,345,1,,,0,70,,335,1,,,0,30,,346,1,,,0,70,,336,1,,,0,30,,347,1,,,0,70,,337,1,,,0,30,,348,1,,,0,70,,338,1,,,0,30,,349,1,,,0,70,,339,1,,,0,30,,350,1,,,0,70,,366,1,,,0,30,,352,1,,,0,70,,361,1,,,0,30,,341,1,,,0,70,,342,1,,,0,30,,340,1,,,0,70,,351,1,,,0,30,,367,1,,,0,70,,353,1,,,0,30,,362,1,,,0,70,,354,1,,,0,30,,363,1,,,0,70,,355,1,,,0,30,,364,1,,,0,70,,356,1,,,0,30,,365,1,,,0,70,,357,1,,,0,100,,358,1,,,0,100,,359,1,,,0,100,,360,1,,,0
800,'615',830,,368,1,,,0,100,,369,1,,,0,100,,370,1,,,0,100,,371,1,,,0,100,,372,1,,,0,100,,373,1,,,0,100,,374,1,,,0,100,,375,1,,,0,100,,376,1,,,0,100,,377,1,,,0,100,,378,1,,,0,100,,379,1,,,0
800,'616',615,,394,1,,,0,30,,380,1,,,0,70,,395,1,,,0,30,,381,1,,,0,70,,396,1,,,0,30,,382,1,,,0,70,,397,1,,,0,30,,383,1,,,0,70,,398,1,,,0,30,,384,1,,,0,70,,399,1,,,0,30,,385,1,,,0,70,,400,1,,,0,30,,386,1,,,0,70,,401,1,,,0,30,,387,1,,,0,70,,402,1,,,0,30,,388,1,,,0,70,,403,1,,,0,30,,389,1,,,0,70,,404,1,,,0,30,,390,1,,,0,70,,405,1,,,0,30,,391,1,,,0,70,,406,1,,,0,30,,392,1,,,0,70,,407,1,,,0,30,,393,1,,,0,70,,408,1,,,0,100,,409,1,,,0,100,,410,1,,,0,100,,411,1,,,0,100,,412,1,,,0
801,'614',606,,413,30,4,,0,34,,424,30,4,,0,70,,414,30,4,,0,30,,425,30,4,,0,70,,415,30,4,,0,30,,426,30,4,,0,70,,416,30,4,,0,30,,427,30,4,,0,70,,417,30,4,,0,30,,428,30,4,,0,70,,418,30,4,,0,30,,429,30,4,,0,70,,419,30,4,,0,30,,430,30,4,,0,570,,434,30,4,,0,30,,443,30,4,,0,70,,435,30,4,,0,30,,444,30,4,,0,70,,436,30,4,,0,30,,445,30,4,,0,68,,437,30,4,,0,30,,446,30,4,,0,70,,438,30,4,,0,100,,439,30,4,,0,100,,440,30,4,,0,98,,441,30,4,,0
801,'615',827,,449,7,4,,0,98,,450,30,4,,0,100,,451,30,4,,0,100,,452,30,4,,0,100,,453,30,4,,0,100,,454,30,4,,0,100,,455,30,4,,0,100,,456,30,4,,0,100,,457,30,4,,0,100,,458,30,4,,0,100,,459,30,4,,0,100,,460,30,4,,0
801,'616',640,,461,30,4,,0,70,,476,30,4,,0,30,,462,30,4,,0,70,,477,30,4,,0,30,,463,30,4,,0,70,,478,30,4,,0,30,,464,30,4,,0,70,,479,30,4,,0,30,,465,30,4,,0,70,,480,30,4,,0,30,,466,30,4,,0,70,,481,30,4,,0,30,,467,30,4,,0,70,,482,30,4,,0,30,,468,30,4,,0,70,,483,30,4,,0,30,,469,30,4,,0,70,,484,30,4,,0,30,,470,30,4,,0,70,,485,30,4,,0,30,,471,30,4,,0,70,,486,30,4,,0,30,,472,30,4,,0,70,,487,30,4,,0,30,,473,30,4,,0,70,,488,30,4,,0,30,,474,30,4,,0,70,,489,30,4,,0,30,,475,30,4,,0,68,,490,30,4,,0,100,,491,30,4,,0,100,,492,30,4,,0,100,,493,30,4,,0,100,,494,30,4,,0
2001,'614',603,,744,19,,,0,32,,733,19,,,0,71,,757,19,,,0,30,,745,19,,,0,70,,734,19,,,0,29,,758,19,,,0,70,,746,19,,,0,30,,735,19,,,0,69,,759,19,,,0,30,,747,19,,,0,70,,736,19,,,0,30,,760,19,,,0,70,,748,19,,,0,30,,737,19,,,0,70,,761,19,,,0,30,,749,19,,,0,70,,738,19,,,0,30,,762,19,,,0,70,,750,19,,,0,30,,739,19,,,0,70,,763,19,,,0,30,,751,19,,,0,70,,740,19,,,0,30,,764,19,,,0,70,,752,19,,,0,30,,741,19,,,0,69,,765,19,,,0,30,,753,19,,,0,70,,742,19,,,0,30,,766,19,,,0,24,,754,19,4,,0,76,,743,19,,,0,70,,767,19,,,0,43,,755,19,,,0,85,,768,19,,,0,76,,756,19,,,0,49,,769,19,4,,0
2001,'615',825,,778,1,,,0,83,,770,19,,,0,45,,779,19,,,0,85,,771,19,,,0,85,,780,19,,,0,85,,772,19,,,0,45,,781,19,,,0,85,,773,19,,,0,85,,782,19,,,0,85,,774,19,,,0,45,,783,19,,,0,85,,775,19,,,0,85,,784,19,,,0,85,,776,19,,,0,45,,785,19,,,0,85,,777,19,,,0,80,,786,19,4,,0
2001,'616',537,,787,1,,,0,101,,798,19,,,0,65,,788,19,,,0,100,,799,19,,,0,30,,789,19,,,0,70,,811,19,,,0,30,,800,19,,,0,69,,790,19,,,0,33,,812,19,,,0,70,,801,19,,,0,30,,791,19,,,0,70,,813,19,,,0,30,,802,19,,,0,70,,792,19,,,0,30,,814,19,,,0,70,,803,19,,,0,30,,793,19,,,0,70,,815,19,,,0,30,,804,19,,,0,70,,794,19,,,0,27,,816,19,,,0,70,,805,19,,,0,30,,795,19,,,0,70,,817,19,,,0,30,,806,19,,,0,70,,796,19,,,0,30,,818,19,,,0,70,,807,19,,,0,30,,797,19,,,0,70,,819,19,,,0,31,,808,19,,,0,100,,820,19,,,0,75,,809,19,,,0,100,,821,19,,,0,30,,810,19,4,,0
3000400,'614',1339,,1109,58,4,,0,70,,1118,58,4,,0,30,,1094,58,4,,0,70,,1096,58,4,,0,30,,1086,58,4,,0,70,,1101,58,4,,0,30,,1120,58,4,,0,70,,1110,58,4,,0,30,,1119,58,4,,0
