901,'617',542,,1623,28,0,29 11 21 5,0,65,,1646,28,0,29 11 21 5,0,35,,1624,28,0,29 11 21 5,0,70,,1647,28,0,29 11 21 5,0,33,,1625,28,0,29 11 21 5,0,70,,1648,28,0,29 11 21 5,0,31,,1632,28,0,29 11 21 5,0,70,,1639,28,0,29 11 21 5,0,30,,1626,28,0,29 11 21 5,0,70,,1649,28,0,29 11 21 5,0,30,,1633,28,0,29 11 21 5,0,70,,1640,28,0,29 11 21 5,0,30,,1627,28,0,29 11 21 5,0,70,,1650,28,0,29 11 21 5,0,30,,1634,28,0,29 11 21 5,0,70,,1641,28,0,29 11 21 5,0,30,,1628,28,0,29 11 21 5,0,70,,1651,28,0,29 11 21 5,0,30,,1635,28,0,29 11 21 5,0,65,,1642,28,0,29 11 21 5,0,25,,1629,28,0,29 11 21 5,0,65,,1655,28,0,29 11 21 5,0,20,,1652,28,0,29 11 21 5,0,25,,1636,28,0,29 11 21 5,0,70,,1643,28,0,29 11 21 5,0,30,,1630,28,0,29 11 21 5,0,70,,1653,28,0,29 11 21 5,0,30,,1637,28,0,29 11 21 5,0,70,,1644,28,0,29 11 21 5,0,27,,1631,28,0,29 11 21 5,0,70,,1654,28,0,29 11 21 5,0,30,,1638,28,0,29 11 21 5,0,70,,1645,28,0,29 11 21 5,0
901,'618',853,,1656,28,0,29 11 21 5,0,100,,1661,28,0,29 11 21 5,0,100,,1657,28,0,29 11 21 5,0,100,,1662,28,0,29 11 21 5,0,100,,1658,28,0,29 11 21 5,0,100,,1663,28,0,29 11 21 5,0,100,,1659,28,0,29 11 21 5,0,100,,1664,28,0,29 11 21 5,0,100,,1660,28,0,29 11 21 5,0,100,,1665,28,0,29 11 21 5,0,100,,1666,28,0,29 11 21 5,0,100,,1667,28,0,29 11 21 5,0
901,'619',612,,1668,28,0,29 11 21 5,0,100,,1669,28,0,29 11 21 5,0,33,,1683,28,0,29 11 21 5,0,70,,1670,28,0,29 11 21 5,0,31,,1691,28,0,29 11 21 5,0,70,,1677,28,0,29 11 21 5,0,30,,1684,28,0,29 11 21 5,0,70,,1671,28,0,29 11 21 5,0,30,,1692,28,0,29 11 21 5,0,70,,1678,28,0,29 11 21 5,0,30,,1685,28,0,29 11 21 5,0,70,,1672,28,0,29 11 21 5,0,30,,1693,28,0,29 11 21 5,0,70,,1679,28,0,29 11 21 5,0,30,,1686,28,0,29 11 21 5,0,70,,1673,28,0,29 11 21 5,0,30,,1694,28,0,29 11 21 5,0,70,,1680,28,0,29 11 21 5,0,30,,1687,28,0,29 11 21 5,0,70,,1674,28,0,29 11 21 5,0,30,,1695,28,0,29 11 21 5,0,70,,1681,28,0,29 11 21 5,0,30,,1688,28,0,29 11 21 5,0,70,,1675,28,0,29 11 21 5,0,30,,1696,28,0,29 11 21 5,0,70,,1682,28,0,29 11 21 5,0,30,,1689,28,0,29 11 21 5,0,67,,1676,28,0,29 11 21 5,0,30,,1690,28,0,29 11 21 5,0
1400,'617',2140,,1697,27,0,29 11 21 5,0,100,,1698,27,0,29 11 21 5,0,100,,1699,27,0,29 11 21 5,0,100,,1700,27,0,29 11 21 5,0
1400,'619',2125,,1701,27,0,29 11 21 5,0,100,,1702,27,0,29 11 21 5,0,100,,1703,27,0,29 11 21 5,0,100,,1704,27,0,29 11 21 5,0
2400,'617',607,,1892,3,,,0,30,,1906,3,,,0,70,,1900,3,,,0,30,,1913,3,,,0,70,,1917,3,,,0,30,,1893,3,,,0,70,,1907,3,,,0,30,,1901,3,,,0,70,,1914,3,,,0,30,,1918,3,,,0,70,,1894,3,,,0,30,,1908,3,,,0,70,,1902,3,,,0,30,,1915,3,,,0,70,,1919,3,,,0,30,,1895,3,,,0,70,,1909,3,,,0,30,,1903,3,,,0,70,,1916,3,,,0,30,,1920,3,,,0,70,,1896,3,,,0,30,,1921,3,,,0,70,,1904,3,,,0,30,,1925,3,,,0,70,,1910,3,,,0,30,,1897,3,,,0,70,,1922,3,,,0,30,,1905,3,,,0,70,,1926,3,,,0,30,,1911,3,,,0,70,,1898,3,,,0,30,,1923,3,,,0
2400,'619',637,,1943,3,,,0,70,,1971,3,,,0,30,,1951,3,,,0,70,,1957,3,,,0,30,,1965,3,,,0,70,,1944,3,,,0,30,,1972,3,,,0,70,,1952,3,,,0,30,,1958,3,,,0,70,,1966,3,,,0,30,,1945,3,,,0,70,,1973,3,,,0,30,,1953,3,,,0,70,,1959,3,,,0,30,,1967,3,,,0,70,,1946,3,,,0,30,,1974,3,,,0,70,,1954,3,,,0,30,,1960,3,,,0,70,,1968,3,,,0,30,,1947,3,,,0,70,,1975,3,,,0,30,,1955,3,,,0,70,,1961,3,,,0,30,,1969,3,,,0,70,,1948,3,,,0,30,,1976,3,,,0,70,,1956,3,,,0,30,,1962,3,,,0,70,,1970,3,,,0,30,,1949,3,,,0
1000000,'617',539,,2254,13,,,0,70,,2238,25,,,0,32,,2245,25,,,0,70,,2260,25,,,0,30,,2255,25,,,0,70,,2239,25,,,0,30,,2246,25,,,0,70,,2261,25,,,0,30,,2256,25,,,0,70,,2240,25,,,0,30,,2247,25,,,0,70,,2262,25,,,0,30,,2257,25,,,0,70,,2241,25,,,0,30,,2248,25,,,0,70,,2263,25,,,0,30,,2258,25,,,0,70,,2242,25,,,0,20,,2273,25,,,0,20,,2249,25,,,0,60,,2264,25,,,0,20,,2243,25,,,0,20,,2259,25,,,0,60,,2274,25,,,0,30,,2270,25,,,0,70,,2265,25,,,0,30,,2250,25,,,0,70,,2275,25,,,0,30,,2271,25,,,0,70,,2266,25,,,0,29,,2251,25,,,0,70,,2276,25,,,0,30,,2272,25,,,0,70,,2267,25,,,0,30,,2252,25,,,0,70,,2277,25,,,0,100,,2268,25,,,0,98,,2278,25,,,0
1000000,'618',841,,2279,25,,,0,100,,2284,25,,,0,100,,2280,25,,,0,65,,2288,13,,,0,35,,2285,25,,,0,70,,2293,25,,,0,30,,2281,25,,,0,70,,2289,25,,,0,30,,2286,25,,,0,70,,2294,25,,,0,30,,2282,25,,,0,70,,2290,25,,,0,30,,2287,25,,,0,70,,2295,25,,,0,100,,2291,25,,,0,100,,2296,25,,,0,100,,2292,25,,,0,100,,2297,25,,,0
1000000,'619',609,,2316,13,,,0,32,,2298,25,,,0,70,,2306,25,,,0,30,,2326,25,,,0,70,,2317,25,,,0,30,,2299,25,,,0,70,,2307,25,,,0,30,,2327,25,,,0,70,,2318,25,,,0,30,,2300,25,,,0,70,,2308,25,,,0,30,,2328,25,,,0,70,,2319,25,,,0,30,,2301,25,,,0,70,,2309,25,,,0,30,,2329,25,,,0,70,,2320,25,,,0,30,,2302,25,,,0,70,,2310,25,,,0,30,,2330,25,,,0,70,,2321,25,,,0,30,,2303,25,,,0,70,,2311,25,,,0,30,,2331,25,,,0,70,,2322,25,,,0,30,,2304,25,,,0,70,,2312,25,,,0,30,,2332,25,,,0,70,,2323,25,,,0,30,,2305,25,,,0,69,,2313,25,,,0,30,,2333,25,,,0,70,,2324,25,,,0,100,,2314,25,,,0,98,,2325,25,,,0
