901,'614',544,,565,29,0,8 9,0,70,,587,29,0,8 9,0,35,,566,29,0,8 9,0,74,,588,29,0,8 9,0,30,,567,29,0,8 9,0,77,,589,29,0,10 11,0,70,,568,29,0,10 11,0,30,,575,29,0,10 11,0,70,,579,29,0,10 11,0,30,,583,29,0,10 11,0,70,,590,29,0,10 11,0,30,,569,29,0,10 11,0,70,,576,29,0,10 11,0,30,,580,29,0,10 11,0,70,,584,29,0,10 11,0,30,,591,29,0,10 11,0,70,,570,29,0,10 11,0,30,,577,29,0,10 11,0,70,,581,29,0,10 11,0,30,,585,29,0,10 11,0,70,,592,29,0,10 11,0,28,,571,29,0,8 9,0,30,,578,29,0,8 9,0,70,,582,29,0,8 9,0,30,,586,29,0,8 9,0,70,,593,29,0,8 9,0,30,,572,29,0,8 9,0,71,,594,29,0,8 9,0,30,,573,29,0,8 9,0,69,,595,29,0,8 9,0,30,,574,29,0,8 9,0
901,'615',857,,596,29,0,8 9,0,144,,601,29,0,8 9,0,100,,597,29,0,8 9,0,100,,602,29,0,8 9,0,100,,598,29,0,8 9,0,100,,603,29,0,8 9,0,100,,599,29,0,8 9,0,100,,604,29,0,8 9,0,100,,600,29,0,8 9,0,100,,605,29,0,8 9,0,56,,606,29,0,8 9,0,100,,607,29,0,8 9,0
901,'616',613,,608,29,0,8 9,0,100,,609,29,0,8 9,0,100,,610,29,0,8 9,0,30,,623,29,0,10 11,0,70,,622,29,0,10 11,0,32,,624,29,0,10 11,0,70,,611,29,0,10 11,0,30,,625,29,0,10 11,0,75,,612,29,0,10 11,0,30,,626,29,0,10 11,0,75,,613,29,0,10 11,0,75,,627,29,0,10 11,0,35,,614,29,0,10 11,0,75,,628,29,0,10 11,0,30,,615,29,0,10 11,0,75,,629,29,0,10 11,0,30,,616,29,0,10 11,0,70,,630,29,0,10 11,0,29,,617,29,0,8 9,0,71,,631,29,0,8 9,0,30,,618,29,0,8 9,0,70,,632,29,0,8 9,0,30,,619,29,0,8 9,0,70,,633,29,0,8 9,0,30,,620,29,0,8 9,0,70,,634,29,0,8 9,0,30,,621,29,0,8 9,0
1400,'614',2141,,635,28,,,0,100,,636,28,,,0,100,,637,28,,,0,100,,638,28,,,0
1400,'616',2126,,639,28,,,0,100,,640,28,,,0,100,,641,28,,,0,100,,642,28,,,0
1000401,'614',604,,1020,20,,,0,30,,1012,20,,,0,70,,1021,20,,,0,30,,1013,20,,,0,70,,1022,20,,,0,30,,1014,20,,,0,70,,1023,20,,,0,30,,1015,20,,,0,70,,1024,20,,,0,30,,1016,20,,,0,70,,1025,20,,,0,34,,1017,20,,,0,70,,1026,20,,,0,40,,1018,20,,,0,70,,1027,20,,,0,30,,1009,20,,,0,70,,1032,20,,,0,30,,1039,20,,,0,70,,1037,20,,,0,30,,1038,20,,,0,70,,1019,20,,,0,30,,1028,20,,,0,70,,1010,20,,,0,26,,1033,20,,,0,70,,1040,20,,,0,35,,1034,20,,,0,70,,1041,20,,,0,30,,1035,20,,,0,70,,1042,20,,,0,30,,1036,20,,,0,70,,1043,20,,,0,85,,1029,20,,,0,100,,1030,20,,,0,100,,1031,20,,,0
1000401,'615',849,,1044,20,,,0,100,,1045,20,,,0,100,,1046,20,,,0,100,,1047,20,,,0,100,,1048,20,,,0,100,,1049,20,,,0,100,,1050,20,,,0,100,,1051,20,,,0,100,,1052,20,,,0,100,,1053,20,,,0,100,,1054,20,,,0
1000401,'616',634,,1055,20,,,0,100,,1056,20,,,0,70,,1073,20,,,0,30,,1057,20,,,0,70,,1074,20,,,0,30,,1058,20,,,0,70,,1075,20,,,0,30,,1059,20,,,0,70,,1076,20,,,0,30,,1060,20,,,0,70,,1077,20,,,0,30,,1061,20,,,0,70,,1078,20,,,0,30,,1062,20,,,0,70,,1079,20,,,0,30,,1063,20,,,0,70,,1080,20,,,0,30,,1064,20,,,0,70,,1081,20,,,0,30,,1065,20,,,0,70,,1082,20,,,0,30,,1066,20,,,0,70,,1083,20,,,0,30,,1067,20,,,0,70,,1084,20,,,0,30,,1068,20,,,0,70,,1085,20,,,0,45,,1069,20,,,0,100,,1070,20,,,0,100,,1071,20,,,0,100,,1072,20,,,0
3000400,'614',606,,1102,14,0,5,0,30,,1111,40,,,0,70,,1103,40,,,0,30,,1112,40,,,0,70,,1104,40,,,0,30,,1113,40,,,0,70,,1105,40,,,0,30,,1114,40,,,0,70,,1106,40,,,0,30,,1115,40,,,0,70,,1107,40,,,0,30,,1116,40,,,0,74,,1108,40,,,0,30,,1117,40,,,0,78,,1109,40,,,0,30,,1118,40,,,0,70,,1094,40,,,0,30,,1096,40,,,0,70,,1086,40,,,0,30,,1101,40,,,0,70,,1120,40,,,0,30,,1110,40,,,0,70,,1119,40,,,0,30,,1095,40,,,0,70,,1097,40,,,0,29,,1087,40,,,0,75,,1098,40,,,0,30,,1088,40,,,0,70,,1099,40,,,0,30,,1089,40,,,0,70,,1100,40,,,0,30,,1090,40,,,0,97,,1091,40,,,0,100,,1092,40,,,0,100,,1093,40,,,0
3000400,'615',837,,1121,40,,,0,100,,1122,40,,,0,100,,1123,40,,,0,100,,1124,40,,,0,100,,1125,40,,,0,100,,1126,40,,,0,100,,1127,40,,,0,100,,1128,40,,,0,100,,1129,40,,,0,100,,1130,40,,,0
3000400,'616',636,,1131,40,,,0,100,,1132,40,,,0,70,,1150,40,,,0,30,,1133,40,,,0,70,,1151,40,,,0,30,,1134,40,,,0,70,,1152,40,,,0,30,,1135,40,,,0,70,,1153,40,,,0,30,,1136,40,,,0,70,,1154,40,,,0,30,,1137,40,,,0,70,,1155,40,,,0,30,,1138,40,,,0,70,,1156,40,,,0,30,,1139,40,,,0,70,,1157,40,,,0,30,,1140,40,,,0,70,,1158,40,,,0,30,,1141,40,,,0,70,,1159,40,,,0,30,,1142,40,,,0,70,,1160,40,,,0,30,,1143,40,,,0,70,,1161,40,,,0,31,,1144,40,,,0,70,,1162,40,,,0,30,,1145,40,,,0,100,,1146,40,,,0,97,,1147,40,,,0,100,,1148,40,,,0,100,,1149,40,,,0
